QBlade v0.96.2 64bit

 Calculated polar for: cambered_plate_10

 1 1 Reynolds number fixed          Mach number fixed         

 xtrf =   1.000 (top)        1.000 (bottom)
 Mach =   0.000     Re =     0.020 e 6     Ncrit =   9.000

  alpha     CL        CD       CDp       Cm    Top Xtr Bot Xtr   Cpmin    Chinge    XCp    
 ------- -------- --------- --------- -------- ------- ------- -------- --------- ---------
 -20.000  -0.4559   0.24620   0.23285  -0.0333  1.0000  0.1165  -1.2018   0.0000   0.1596
 -19.000  -0.4392   0.24015   0.22686  -0.0359  1.0000  0.1250  -1.1818   0.0000   0.1523
 -18.000  -0.4360   0.24492   0.23167  -0.0385  1.0000  0.1288  -1.2225   0.0000   0.1478
 -17.000  -0.4057   0.22349   0.21029  -0.0390  1.0000  0.1367  -1.1480   0.0000   0.1403
 -16.000  -0.3933   0.21772   0.20459  -0.0398  1.0000  0.1472  -1.1318   0.0000   0.1367
 -15.000  -0.3913   0.21644   0.20351  -0.0403  1.0000  0.1517  -1.1586   0.0000   0.1365
 -14.000  -0.3674   0.20095   0.18808  -0.0391  1.0000  0.1650  -1.0984   0.0000   0.1337
 -13.000  -0.3811   0.20560   0.19295  -0.0384  1.0000  0.1725  -1.1539   0.0000   0.1417
 -12.000  -0.3513   0.18622   0.17368  -0.0362  1.0000  0.1870  -1.0694   0.0000   0.1396
 -11.000  -0.3524   0.18105   0.16875  -0.0341  1.0000  0.1975  -1.0873   0.0000   0.1471
 -10.000  -0.3533   0.17556   0.16347  -0.0311  1.0000  0.2148  -1.0828   0.0000   0.1573
  -9.000  -0.3422   0.16444   0.15254  -0.0276  1.0000  0.2311  -1.0404   0.0000   0.1653
  -8.000  -0.3428   0.15693   0.14530  -0.0237  1.0000  0.2488  -1.0421   0.0000   0.1778
  -7.000  -0.3466   0.14980   0.13846  -0.0191  1.0000  0.2722  -1.0372   0.0000   0.1929
  -6.000  -0.3556   0.14322   0.13217  -0.0136  1.0000  0.2986  -1.0311   0.0000   0.2104
  -5.000  -0.3812   0.13896   0.12828  -0.0066  1.0000  0.3257  -1.0482   0.0000   0.2324
  -4.000  -0.3866   0.12954   0.11919   0.0008  1.0000  0.3678  -1.0338   0.0000   0.2521
  -3.000  -0.3937   0.11999   0.10997   0.0094  1.0000  0.4294  -1.0107   0.0000   0.2743
  -2.000  -0.0520   0.09035   0.07977  -0.0237  1.0000  1.0000  -0.6346   0.0000  -0.2042
  -1.000  -0.0453   0.08556   0.07533  -0.0201  1.0000  1.0000  -0.6202   0.0000  -0.1846
   0.000  -0.0400   0.08100   0.07114  -0.0163  1.0000  1.0000  -0.6139   0.0000  -0.1414
   1.000  -0.0366   0.07659   0.06711  -0.0124  1.0000  1.0000  -0.6114   0.0000  -0.0661
   2.000  -0.0358   0.07220   0.06312  -0.0084  1.0000  1.0000  -0.6053   0.0000   0.0450
   3.000  -0.0389   0.06762   0.05895  -0.0039  1.0000  1.0000  -0.5968   0.0000   0.1801
   4.000  -0.1275   0.06046   0.05235   0.0184  1.0000  0.9579  -0.6514   0.0000   0.4024
   5.000  -0.1620   0.05461   0.04627   0.0238  1.0000  0.8552  -0.6882   0.0000   0.4020
   6.000   0.1618   0.06640   0.05613  -0.0445  1.0000  0.6093  -0.5861   0.0000   0.5096
   7.000   0.3000   0.07316   0.06214  -0.0612  1.0000  0.5048  -0.8520   0.0000   0.4422
   8.000   0.4006   0.07874   0.06745  -0.0682  1.0000  0.4559  -1.0914   0.0000   0.4086
   9.000   0.4858   0.08489   0.07370  -0.0717  1.0000  0.4423  -1.3060   0.0000   0.3856
  10.000   0.5611   0.09179   0.08132  -0.0732  1.0000  0.4443  -1.4938   0.0000   0.3677
  11.000   1.2215   0.06753   0.05448  -0.0803  0.2688  1.0000  -2.4955   0.0000   0.3039
  12.000   1.2983   0.08345   0.07126  -0.0794  0.2634  1.0000  -2.6326   0.0000   0.2984
  13.000   1.0921   0.11806   0.10739  -0.0819  0.2828  1.0000  -2.0937   0.0000   0.3111
  14.000   0.9861   0.15344   0.14286  -0.1004  0.3190  1.0000  -1.6653   0.0000   0.3368
  15.000   0.8840   0.18354   0.17345  -0.1245  0.5622  1.0000  -1.2489   0.0000   0.3741
  16.000   0.9008   0.19644   0.18584  -0.1288  0.5854  1.0000  -1.2304   0.0000   0.3748
  17.000   0.9258   0.20719   0.19615  -0.1321  0.5756  1.0000  -1.2302   0.0000   0.3728
  18.000   0.9582   0.21823   0.20689  -0.1353  0.5517  1.0000  -1.2501   0.0000   0.3697
  19.000   0.9903   0.22873   0.21718  -0.1385  0.5244  1.0000  -1.2833   0.0000   0.3667
  20.000   1.0378   0.24687   0.23519  -0.1419  0.4913  1.0000  -1.3364   0.0000   0.3620


