QBlade v0.96.2 64bit

 Calculated polar for: cambered_plate_10

 1 1 Reynolds number fixed          Mach number fixed         

 xtrf =   1.000 (top)        1.000 (bottom)
 Mach =   0.000     Re =     1.000 e 6     Ncrit =   9.000

  alpha     CL        CD       CDp       Cm    Top Xtr Bot Xtr   Cpmin    Chinge    XCp    
 ------- -------- --------- --------- -------- ------- ------- -------- --------- ---------
 -20.000  -0.3780   0.21911   0.21717  -0.0557  0.9879  0.0146  -1.2928   0.0000   0.0799
 -19.000  -0.3341   0.20567   0.20368  -0.0677  0.9853  0.0166  -1.4014   0.0000   0.0224
 -18.000  -0.2838   0.19425   0.19223  -0.0793  0.9832  0.0171  -1.2584   0.0000  -0.0552
 -17.000  -0.2300   0.18252   0.18046  -0.0918  0.9816  0.0193  -1.1829   0.0000  -0.1781
 -16.000  -0.1815   0.16890   0.16679  -0.1040  0.9804  0.0200  -1.2378   0.0000  -0.3586
 -15.000  -0.1638   0.16120   0.15911  -0.1030  0.9708  0.0210  -1.1386   0.0000  -0.4126
 -14.000  -0.1277   0.14851   0.14639  -0.1118  0.9660  0.0230  -1.3008   0.0000  -0.6694
 -13.000  -0.0755   0.13764   0.13549  -0.1203  0.9630  0.0238  -1.1197   0.0000  -1.4083
 -12.000  -0.0221   0.12600   0.12383  -0.1309  0.9608  0.0263  -1.1220   0.0000  -5.8760
 -11.000   0.0317   0.11409   0.11190  -0.1414  0.9590  0.0269  -1.1060   0.0000   4.8449
  -8.000   0.1688   0.08606   0.08385  -0.1585  0.9391  0.0313  -0.9715   0.0000   1.2075
  -7.000   0.1977   0.07725   0.07501  -0.1646  0.9252  0.0335  -1.2097   0.0000   1.0972
  -4.000   0.3714   0.05324   0.05071  -0.1839  0.8568  0.0377  -0.9667   0.0000   0.7488
  -3.000   0.4325   0.04432   0.04155  -0.1951  0.8292  0.0406  -1.2032   0.0000   0.7031
  -2.000   0.4938   0.04025   0.03741  -0.1918  0.7985  0.0416  -0.9636   0.0000   0.6387
  -1.000   0.5605   0.03816   0.03503  -0.1874  0.7440  0.0435  -0.7930   0.0000   0.5835
   0.000   0.5920   0.03467   0.03101  -0.1754  0.6421  0.0437  -0.8002   0.0000   0.5443
   2.000   0.6064   0.02830   0.02209  -0.1437  0.0417  0.0495  -0.7871   0.0000   0.4830
   3.000   0.6940   0.02597   0.01961  -0.1408  0.0399  0.0564  -1.0491   0.0000   0.4482
   4.000   0.7833   0.02482   0.01828  -0.1361  0.0388  0.0637  -1.3425   0.0000   0.4184
   6.000   0.9388   0.01980   0.01240  -0.1228  0.0366  0.0576  -1.9581   0.0000   0.3741
   7.000   0.9978   0.02085   0.01336  -0.1132  0.0351  0.0593  -2.2817   0.0000   0.3559
   8.000   1.0511   0.02290   0.01545  -0.1032  0.0339  0.0607  -2.5903   0.0000   0.3397
   9.000   1.1114   0.02539   0.01804  -0.0948  0.0328  0.0627  -2.9276   0.0000   0.3259
  10.000   1.1927   0.02778   0.02052  -0.0896  0.0313  0.0642  -3.3645   0.0000   0.3147
  11.000   1.3007   0.03045   0.02332  -0.0882  0.0298  0.0661  -3.8586   0.0000   0.3064
  12.000   1.4250   0.03366   0.02801  -0.0899  0.0288  1.0000  -4.3899   0.0000   0.3005
  13.000   1.5042   0.03891   0.03352  -0.0854  0.0277  1.0000  -4.8931   0.0000   0.2929
  14.000   1.5484   0.04549   0.04049  -0.0770  0.0268  1.0000  -5.2731   0.0000   0.2845
  15.000   1.5525   0.05537   0.05098  -0.0656  0.0265  1.0000  -5.4257   0.0000   0.2756
  16.000   1.3460   0.09113   0.08849  -0.0490  0.0327  1.0000  -4.1944   0.0000   0.2684
  17.000   1.2083   0.12003   0.11799  -0.0555  0.0331  1.0000  -3.7024   0.0000   0.2760
  18.000   1.0853   0.16766   0.16589  -0.0853  0.0306  1.0000  -2.7504   0.0000   0.3074
  19.000   1.0885   0.18372   0.18193  -0.0933  0.0275  1.0000  -2.7268   0.0000   0.3127
  20.000   1.1030   0.19588   0.19407  -0.0989  0.0256  1.0000  -2.8123   0.0000   0.3147


