QBlade v0.96.2 64bit

 Calculated polar for: cambered_plate_10

 1 1 Reynolds number fixed          Mach number fixed         

 xtrf =   1.000 (top)        1.000 (bottom)
 Mach =   0.000     Re =     0.500 e 6     Ncrit =   9.000

  alpha     CL        CD       CDp       Cm    Top Xtr Bot Xtr   Cpmin    Chinge    XCp    
 ------- -------- --------- --------- -------- ------- ------- -------- --------- ---------
 -20.000  -0.4853   0.23520   0.23266  -0.0199  1.0000  0.0196  -1.3245   0.0000   0.1917
 -19.000  -0.4371   0.22231   0.21973  -0.0326  0.9964  0.0201  -1.3149   0.0000   0.1580
 -18.000  -0.3897   0.21106   0.20842  -0.0438  0.9915  0.0222  -1.2176   0.0000   0.1206
 -17.000  -0.3429   0.19761   0.19492  -0.0564  0.9865  0.0231  -1.3118   0.0000   0.0669
 -16.000  -0.2885   0.18624   0.18351  -0.0681  0.9830  0.0246  -1.1566   0.0000  -0.0048
 -15.000  -0.2350   0.17318   0.17037  -0.0825  0.9805  0.0264  -1.2474   0.0000  -0.1243
 -14.000  -0.2090   0.16317   0.16037  -0.0839  0.9704  0.0272  -1.1358   0.0000  -0.1732
 -13.000  -0.1623   0.15150   0.14866  -0.0932  0.9645  0.0297  -1.1106   0.0000  -0.3504
 -12.000  -0.1113   0.13891   0.13604  -0.1041  0.9611  0.0303  -1.1226   0.0000  -0.7213
 -11.000  -0.0493   0.12744   0.12452  -0.1158  0.9586  0.0327  -1.0333   0.0000  -2.1726
  -8.000   0.1061   0.09073   0.08791  -0.1316  0.9267  0.0372  -0.9342   0.0000   1.5096
  -7.000   0.1655   0.07980   0.07698  -0.1389  0.9213  0.0389  -0.8324   0.0000   1.0995
  -3.000   0.3620   0.05244   0.04937  -0.1753  0.8777  0.0463  -1.0251   0.0000   0.7360
  -2.000   0.4648   0.04409   0.04083  -0.1836  0.8484  0.0492  -0.8140   0.0000   0.6452
  -1.000   0.5432   0.03821   0.03484  -0.1860  0.8245  0.0543  -0.7850   0.0000   0.5916
   2.000   0.5828   0.03390   0.02736  -0.1370  0.1713  0.0640  -0.7759   0.0000   0.4808
   3.000   0.6583   0.03103   0.02394  -0.1326  0.0512  0.0643  -0.9570   0.0000   0.4465
   4.000   0.7418   0.02820   0.02089  -0.1284  0.0470  0.0646  -1.1920   0.0000   0.4176
   5.000   0.8107   0.02695   0.01941  -0.1210  0.0453  0.0649  -1.4499   0.0000   0.3930
   8.000   1.0219   0.02852   0.02033  -0.0998  0.0415  0.0793  -2.3150   0.0000   0.3391
   9.000   1.1352   0.03011   0.02183  -0.0986  0.0405  0.0781  -2.7688   0.0000   0.3275
  10.000   1.2578   0.03296   0.02482  -0.0992  0.0388  0.0808  -3.2486   0.0000   0.3186
  11.000   1.3878   0.03846   0.03067  -0.1015  0.0377  0.0930  -3.7223   0.0000   0.3117
  12.000   1.4722   0.04511   0.03897  -0.0978  0.0369  1.0000  -4.1008   0.0000   0.3038
  13.000   1.4979   0.05375   0.04822  -0.0859  0.0363  1.0000  -4.2940   0.0000   0.2936
  14.000   1.4675   0.06469   0.05990  -0.0698  0.0368  1.0000  -4.2995   0.0000   0.2826
  15.000   1.3939   0.07946   0.07544  -0.0560  0.0377  1.0000  -4.1844   0.0000   0.2737
  16.000   1.2690   0.10255   0.09930  -0.0516  0.0394  1.0000  -3.8164   0.0000   0.2725
  17.000   1.0826   0.14827   0.14573  -0.0734  0.0420  1.0000  -2.8366   0.0000   0.2980
  18.000   1.0512   0.17861   0.17614  -0.0908  0.0419  1.0000  -2.3546   0.0000   0.3152
  19.000   1.0555   0.19670   0.19421  -0.0995  0.0418  1.0000  -2.1723   0.0000   0.3215
  20.000   1.0672   0.21182   0.20931  -0.1066  0.0415  1.0000  -2.1000   0.0000   0.3254


