QBlade v0.96.2 64bit

 Calculated polar for: cambered_plate_10

 1 1 Reynolds number fixed          Mach number fixed         

 xtrf =   1.000 (top)        1.000 (bottom)
 Mach =   0.000     Re =     0.200 e 6     Ncrit =   9.000

  alpha     CL        CD       CDp       Cm    Top Xtr Bot Xtr   Cpmin    Chinge    XCp    
 ------- -------- --------- --------- -------- ------- ------- -------- --------- ---------
 -20.000  -0.3464   0.21696   0.21343  -0.0292  1.0000  0.0293  -0.8503   0.0000   0.1562
 -18.000  -0.4402   0.22018   0.21613  -0.0275  1.0000  0.0310  -1.2214   0.0000   0.1731
 -17.000  -0.4278   0.21255   0.20853  -0.0280  1.0000  0.0331  -1.2084   0.0000   0.1715
 -16.000  -0.4182   0.20471   0.20073  -0.0282  1.0000  0.0337  -1.2541   0.0000   0.1705
 -15.000  -0.4074   0.19724   0.19330  -0.0274  1.0000  0.0351  -1.1971   0.0000   0.1724
 -14.000  -0.4005   0.19006   0.18616  -0.0270  1.0000  0.0369  -1.2347   0.0000   0.1731
 -13.000  -0.3716   0.17979   0.17588  -0.0317  0.9967  0.0377  -1.2066   0.0000   0.1559
 -12.000  -0.3189   0.16793   0.16396  -0.0441  0.9866  0.0401  -1.1871   0.0000   0.1024
 -11.000  -0.2596   0.15662   0.15258  -0.0580  0.9800  0.0414  -1.1811   0.0000   0.0162
 -10.000  -0.2431   0.15880   0.15477  -0.0653  0.9636  0.0434  -1.2621   0.0000  -0.0277
  -9.000  -0.1998   0.13871   0.13466  -0.0729  0.9540  0.0452  -1.2948   0.0000  -0.1256
  -8.000  -0.1547   0.12542   0.12137  -0.0756  0.9417  0.0468  -1.1700   0.0000  -0.2499
  -7.000  -0.1219   0.11636   0.11233  -0.0775  0.9272  0.0489  -1.0871   0.0000  -0.3970
  -6.000  -0.0669   0.10661   0.10257  -0.0857  0.9174  0.0527  -1.0089   0.0000  -1.0466
  -5.000  -0.0568   0.10038   0.09640  -0.0833  0.8982  0.0562  -1.0080   0.0000  -1.2284
  -4.000  -0.0594   0.09565   0.09175  -0.0791  0.8774  0.0606  -1.0237   0.0000  -1.0870
  -3.000  -0.0258   0.09123   0.08731  -0.0851  0.8564  0.0636  -1.0492   0.0000  -3.0383
  -2.000   0.0342   0.08388   0.07987  -0.0926  0.8375  0.0641  -1.0602   0.0000   2.9468
  -1.000   0.1628   0.07274   0.06852  -0.1099  0.8303  0.0646  -0.9837   0.0000   0.9210
   2.000   0.6596   0.02308   0.01822  -0.1541  0.7745  0.0877  -0.8320   0.0000   0.4799
   3.000   0.7407   0.01774   0.01146  -0.1471  0.5038  0.0982  -1.0666   0.0000   0.4440
   4.000   0.7131   0.02283   0.01443  -0.1241  0.0822  0.1101  -1.1326   0.0000   0.4183
   5.000   0.7749   0.03023   0.02160  -0.1178  0.0732  0.1245  -1.3784   0.0000   0.3956
   6.000   0.8279   0.03106   0.02233  -0.1087  0.0675  0.1545  -1.6089   0.0000   0.3742
   7.000   0.8800   0.03295   0.02426  -0.1000  0.0655  0.2019  -1.8310   0.0000   0.3556
  11.000   1.5127   0.05613   0.04915  -0.1178  0.1030  1.0000  -3.1831   0.0000   0.3162
  12.000   1.5295   0.07629   0.06965  -0.1092  0.0859  1.0000  -3.3820   0.0000   0.3087
  13.000   1.4611   0.07165   0.06572  -0.0800  0.0801  1.0000  -3.4787   0.0000   0.2911
  14.000   1.3908   0.08130   0.07606  -0.0625  0.0752  1.0000  -3.4696   0.0000   0.2801
  15.000   1.2998   0.09696   0.09236  -0.0537  0.0727  1.0000  -3.3558   0.0000   0.2749
  16.000   1.1616   0.12449   0.12056  -0.0605  0.0723  1.0000  -2.9370   0.0000   0.2840
  17.000   1.1035   0.15228   0.14849  -0.0755  0.0684  1.0000  -2.6677   0.0000   0.2988
  18.000   1.0806   0.17970   0.17583  -0.0875  0.0640  1.0000  -2.4055   0.0000   0.3099
  19.000   1.0633   0.19854   0.19464  -0.1022  0.0586  1.0000  -2.0649   0.0000   0.3234
  20.000   1.0748   0.21139   0.20744  -0.1089  0.0506  1.0000  -2.0591   0.0000   0.3269


