QBlade v0.96.2 64bit

 Calculated polar for: cambered_plate_10

 1 1 Reynolds number fixed          Mach number fixed         

 xtrf =   1.000 (top)        1.000 (bottom)
 Mach =   0.000     Re =     0.100 e 6     Ncrit =   9.000

  alpha     CL        CD       CDp       Cm    Top Xtr Bot Xtr   Cpmin    Chinge    XCp    
 ------- -------- --------- --------- -------- ------- ------- -------- --------- ---------
 -20.000  -0.4583   0.23730   0.23143  -0.0287  1.0000  0.0395  -1.2298   0.0000   0.1699
 -19.000  -0.4439   0.23005   0.22423  -0.0310  1.0000  0.0407  -1.2634   0.0000   0.1639
 -16.000  -0.4094   0.20937   0.20365  -0.0338  1.0000  0.0458  -1.2931   0.0000   0.1553
 -15.000  -0.3946   0.19880   0.19314  -0.0325  1.0000  0.0474  -1.2140   0.0000   0.1568
 -14.000  -0.3840   0.19066   0.18505  -0.0312  1.0000  0.0494  -1.1775   0.0000   0.1594
 -13.000  -0.3755   0.18323   0.17768  -0.0296  1.0000  0.0523  -1.1549   0.0000   0.1631
 -12.000  -0.3692   0.17605   0.17059  -0.0279  1.0000  0.0553  -1.1369   0.0000   0.1676
 -11.000  -0.3645   0.16921   0.16382  -0.0261  1.0000  0.0589  -1.1322   0.0000   0.1728
 -10.000  -0.3636   0.16482   0.15952  -0.0245  1.0000  0.0626  -1.1680   0.0000   0.1782
  -9.000  -0.3710   0.16275   0.15756  -0.0229  1.0000  0.0637  -1.2189   0.0000   0.1852
  -8.000  -0.3825   0.15974   0.15466  -0.0206  1.0000  0.0641  -1.2599   0.0000   0.1940
  -7.000  -0.3998   0.15645   0.15149  -0.0176  1.0000  0.0644  -1.3337   0.0000   0.2048
  -6.000  -0.4300   0.15384   0.14902  -0.0128  1.0000  0.0646  -1.4146   0.0000   0.2198
  -5.000  -0.4336   0.14703   0.14229  -0.0132  1.0000  0.0647  -1.4565   0.0000   0.2196
  -4.000  -0.4023   0.13752   0.13275  -0.0201  0.9945  0.0648  -1.4712   0.0000   0.2003
  -2.000  -0.3259   0.10605   0.10143  -0.0224  0.9644  0.0695  -1.2759   0.0000   0.1820
  -1.000  -0.2751   0.09738   0.09276  -0.0286  0.9491  0.0737  -1.1901   0.0000   0.1472
   0.000  -0.1450   0.09313   0.08817  -0.0527  0.9339  0.0852  -1.1572   0.0000  -0.1096
   1.000  -0.0400   0.08284   0.07776  -0.0657  0.9145  0.0886  -1.0636   0.0000  -1.3749
   2.000   0.0521   0.07662   0.07153  -0.0719  0.8933  0.1001  -0.8830   0.0000   1.6091
   3.000   0.1707   0.07204   0.06674  -0.0829  0.8709  0.1124  -0.7743   0.0000   0.7263
   4.000   0.4635   0.05612   0.05039  -0.1075  0.7660  0.1586  -0.8155   0.0000   0.4758
   6.000   0.7683   0.03290   0.02395  -0.1018  0.1104  0.4440  -1.5223   0.0000   0.3751
   7.000   0.8319   0.03387   0.02502  -0.0945  0.1011  0.5028  -1.7348   0.0000   0.3554
   8.000   0.9450   0.03734   0.02704  -0.0918  0.0944  0.1643  -1.9968   0.0000   0.3383
   9.000   1.1256   0.03892   0.02785  -0.0974  0.0921  0.1568  -2.4521   0.0000   0.3270
  10.000   1.3605   0.04517   0.03533  -0.1132  0.0966  1.0000  -2.9361   0.0000   0.3227
  14.000   0.9874   0.14353   0.13814  -0.0908  0.2568  0.1715  -1.6152   0.0000   0.3271
  15.000   1.0085   0.15509   0.14972  -0.0907  0.2054  0.2330  -1.6910   0.0000   0.3237
  17.000   0.9654   0.20224   0.19800  -0.1183  0.1326  1.0000  -1.4869   0.0000   0.3541
  18.000   0.9564   0.21921   0.21498  -0.1288  0.1136  1.0000  -1.3618   0.0000   0.3646
  19.000   0.9652   0.23660   0.23235  -0.1364  0.1034  1.0000  -1.3320   0.0000   0.3694
  20.000   0.9838   0.25144   0.24723  -0.1416  0.0898  1.0000  -1.3775   0.0000   0.3702


