QBlade v0.96.2 64bit

 Calculated polar for: cambered_plate_10

 1 1 Reynolds number fixed          Mach number fixed         

 xtrf =   1.000 (top)        1.000 (bottom)
 Mach =   0.000     Re =     0.050 e 6     Ncrit =   9.000

  alpha     CL        CD       CDp       Cm    Top Xtr Bot Xtr   Cpmin    Chinge    XCp    
 ------- -------- --------- --------- -------- ------- ------- -------- --------- ---------
 -20.000  -0.4524   0.24150   0.23310  -0.0317  1.0000  0.0621  -1.2110   0.0000   0.1627
 -19.000  -0.4398   0.24026   0.23192  -0.0345  1.0000  0.0637  -1.2365   0.0000   0.1557
 -15.000  -0.3878   0.20506   0.19693  -0.0374  1.0000  0.0671  -1.2148   0.0000   0.1428
 -14.000  -0.3722   0.19372   0.18566  -0.0359  1.0000  0.0697  -1.1673   0.0000   0.1440
 -13.000  -0.3622   0.18556   0.17758  -0.0343  1.0000  0.0731  -1.1394   0.0000   0.1470
 -12.000  -0.3552   0.17831   0.17044  -0.0326  1.0000  0.0774  -1.1171   0.0000   0.1512
 -11.000  -0.3515   0.17194   0.16417  -0.0308  1.0000  0.0814  -1.1323   0.0000   0.1567
 -10.000  -0.3590   0.17037   0.16275  -0.0293  1.0000  0.0848  -1.1920   0.0000   0.1641
  -9.000  -0.3910   0.17583   0.16843  -0.0274  1.0000  0.0859  -1.3095   0.0000   0.1773
  -8.000  -0.3664   0.15592   0.14863  -0.0242  1.0000  0.0879  -1.2351   0.0000   0.1817
  -7.000  -0.3539   0.14401   0.13685  -0.0198  1.0000  0.0923  -1.1657   0.0000   0.1924
  -6.000  -0.3579   0.13723   0.13022  -0.0158  1.0000  0.0980  -1.1535   0.0000   0.2051
  -5.000  -0.3775   0.13329   0.12648  -0.0115  1.0000  0.1042  -1.1854   0.0000   0.2196
  -4.000  -0.4140   0.13551   0.12886  -0.0119  1.0000  0.1070  -1.3220   0.0000   0.2219
  -3.000  -0.4050   0.12173   0.11525  -0.0086  1.0000  0.1096  -1.2966   0.0000   0.2297
  -2.000  -0.3924   0.11072   0.10438  -0.0040  1.0000  0.1174  -1.2111   0.0000   0.2410
  -1.000  -0.3191   0.10781   0.10123  -0.0244  1.0000  0.1295  -1.2473   0.0000   0.1751
   0.000  -0.3087   0.09327   0.08695  -0.0153  1.0000  0.1370  -1.1320   0.0000   0.2021
   1.000  -0.2305   0.08571   0.07930  -0.0262  1.0000  0.1550  -1.0549   0.0000   0.1393
   2.000  -0.1507   0.07884   0.07237  -0.0341  1.0000  0.1771  -0.9486   0.0000   0.0288
   4.000   0.0201   0.07010   0.06360  -0.0478  0.9987  0.2639  -0.6971   0.0000   2.5620
   6.000   0.1671   0.06476   0.05888  -0.0484  0.9676  0.5849  -0.6213   0.0000   0.5247
   7.000   0.3401   0.06780   0.06186  -0.0649  0.8962  0.6892  -0.9743   0.0000   0.4297
   8.000   0.8663   0.04578   0.03484  -0.0874  0.1674  0.2438  -1.8269   0.0000   0.3417
   9.000   0.9429   0.04950   0.03790  -0.0810  0.1500  0.2350  -2.0401   0.0000   0.3258
  10.000   1.3180   0.04915   0.03729  -0.1051  0.1384  1.0000  -2.7468   0.0000   0.3192
  11.000   1.4586   0.06078   0.04981  -0.1080  0.1424  1.0000  -3.0640   0.0000   0.3123
  12.000   1.5003   0.07323   0.06344  -0.0975  0.1557  1.0000  -3.1585   0.0000   0.3023
  13.000   1.4550   0.08799   0.07946  -0.0798  0.1757  1.0000  -3.0620   0.0000   0.2911
  14.000   1.1929   0.10969   0.10252  -0.0651  0.1833  1.0000  -2.4900   0.0000   0.2895
  15.000   0.9352   0.17573   0.16933  -0.1122  0.3800  0.3392  -1.3403   0.0000   0.3538
  16.000   0.9548   0.18589   0.17932  -0.1143  0.3474  1.0000  -1.3374   0.0000   0.3521
  17.000   1.0122   0.20125   0.19426  -0.1141  0.3100  1.0000  -1.4581   0.0000   0.3438
  18.000   1.0172   0.20790   0.20066  -0.1170  0.2695  1.0000  -1.4573   0.0000   0.3443
  19.000   1.0780   0.22799   0.22062  -0.1169  0.2406  1.0000  -1.5915   0.0000   0.3363
  20.000   1.0663   0.22977   0.22225  -0.1228  0.2142  1.0000  -1.5368   0.0000   0.3410


