Export File Created with QBlade v0.96.2 64bit on 04.06.2020 at 11:42:29
             cp18 -10 Simulation             cp18 -10 Simulation             cp18 -10 Simulation             cp18 -10 Simulation             cp18 -10 Simulation             cp18 -10 Simulation             cp18 -10 Simulation             cp18 -10 Simulation             cp18 -10 Simulation             cp18 -10 Simulation             cp18 -10 Simulation             cp18 -10 Simulation             cp18 -10 Simulation             cp18 -10 Simulation             cp18 -10 Simulation             cp18 -10 Simulation             cp18 -10 Simulation             cp18 -10 Simulation             cp18 -10 Simulation             cp18 -10 Simulation
 theta Ct theta Ct theta Ct theta Ct theta Ct theta Ct theta Ct theta Ct theta Ct theta Ct theta Ct theta Ct theta Ct theta Ct theta Ct theta Ct theta Ct theta Ct theta Ct theta Ct
     2.50000e+00    -2.07051e-01     2.50000e+00    -2.07061e-01     2.50000e+00    -2.07064e-01     2.50000e+00    -2.07086e-01     2.50000e+00    -2.07087e-01     2.50000e+00    -2.07051e-01     2.50000e+00    -2.07061e-01     2.50000e+00    -2.07064e-01     2.50000e+00    -2.07086e-01     2.50000e+00    -2.07087e-01     2.50000e+00    -2.07051e-01     2.50000e+00    -2.07061e-01     2.50000e+00    -2.07064e-01     2.50000e+00    -2.07086e-01     2.50000e+00    -2.07087e-01     2.50000e+00    -2.07051e-01     2.50000e+00    -2.07061e-01     2.50000e+00    -2.07064e-01     2.50000e+00    -2.07086e-01     2.50000e+00    -2.07087e-01
     7.50000e+00    -2.06920e-01     7.50000e+00    -2.06963e-01     7.50000e+00    -2.06978e-01     7.50000e+00    -2.06990e-01     7.50000e+00    -2.07067e-01     7.50000e+00    -2.06920e-01     7.50000e+00    -2.06963e-01     7.50000e+00    -2.06978e-01     7.50000e+00    -2.06990e-01     7.50000e+00    -2.07067e-01     7.50000e+00    -2.06920e-01     7.50000e+00    -2.06963e-01     7.50000e+00    -2.06978e-01     7.50000e+00    -2.06990e-01     7.50000e+00    -2.07067e-01     7.50000e+00    -2.06920e-01     7.50000e+00    -2.06963e-01     7.50000e+00    -2.06978e-01     7.50000e+00    -2.06990e-01     7.50000e+00    -2.07067e-01
     1.25000e+01    -2.06854e-01     1.25000e+01    -2.06863e-01     1.25000e+01    -2.06863e-01     1.25000e+01    -2.06889e-01     1.25000e+01    -2.06911e-01     1.25000e+01    -2.06854e-01     1.25000e+01    -2.06863e-01     1.25000e+01    -2.06863e-01     1.25000e+01    -2.06889e-01     1.25000e+01    -2.06911e-01     1.25000e+01    -2.06854e-01     1.25000e+01    -2.06863e-01     1.25000e+01    -2.06863e-01     1.25000e+01    -2.06889e-01     1.25000e+01    -2.06911e-01     1.25000e+01    -2.06854e-01     1.25000e+01    -2.06863e-01     1.25000e+01    -2.06863e-01     1.25000e+01    -2.06889e-01     1.25000e+01    -2.06911e-01
     1.75000e+01    -2.06782e-01     1.75000e+01    -2.06841e-01     1.75000e+01    -2.06853e-01     1.75000e+01    -2.06859e-01     1.75000e+01    -2.06862e-01     1.75000e+01    -2.06782e-01     1.75000e+01    -2.06841e-01     1.75000e+01    -2.06853e-01     1.75000e+01    -2.06859e-01     1.75000e+01    -2.06862e-01     1.75000e+01    -2.06782e-01     1.75000e+01    -2.06841e-01     1.75000e+01    -2.06853e-01     1.75000e+01    -2.06859e-01     1.75000e+01    -2.06862e-01     1.75000e+01    -2.06782e-01     1.75000e+01    -2.06841e-01     1.75000e+01    -2.06853e-01     1.75000e+01    -2.06859e-01     1.75000e+01    -2.06862e-01
     2.25000e+01    -2.07432e-01     2.25000e+01    -2.06775e-01     2.25000e+01    -2.06809e-01     2.25000e+01    -2.06831e-01     2.25000e+01    -2.06844e-01     2.25000e+01    -2.07432e-01     2.25000e+01    -2.06775e-01     2.25000e+01    -2.06809e-01     2.25000e+01    -2.06831e-01     2.25000e+01    -2.06844e-01     2.25000e+01    -2.07432e-01     2.25000e+01    -2.06775e-01     2.25000e+01    -2.06809e-01     2.25000e+01    -2.06831e-01     2.25000e+01    -2.06844e-01     2.25000e+01    -2.07432e-01     2.25000e+01    -2.06775e-01     2.25000e+01    -2.06809e-01     2.25000e+01    -2.06831e-01     2.25000e+01    -2.06844e-01
     2.75000e+01    -2.08174e-01     2.75000e+01    -2.07302e-01     2.75000e+01    -2.07003e-01     2.75000e+01    -2.06775e-01     2.75000e+01    -2.06804e-01     2.75000e+01    -2.08174e-01     2.75000e+01    -2.07302e-01     2.75000e+01    -2.07003e-01     2.75000e+01    -2.06775e-01     2.75000e+01    -2.06804e-01     2.75000e+01    -2.08174e-01     2.75000e+01    -2.07302e-01     2.75000e+01    -2.07003e-01     2.75000e+01    -2.06775e-01     2.75000e+01    -2.06804e-01     2.75000e+01    -2.08174e-01     2.75000e+01    -2.07302e-01     2.75000e+01    -2.07003e-01     2.75000e+01    -2.06775e-01     2.75000e+01    -2.06804e-01
     3.25000e+01    -2.09083e-01     3.25000e+01    -2.07804e-01     3.25000e+01    -2.07460e-01     3.25000e+01    -2.07176e-01     3.25000e+01    -2.06938e-01     3.25000e+01    -2.09083e-01     3.25000e+01    -2.07804e-01     3.25000e+01    -2.07460e-01     3.25000e+01    -2.07176e-01     3.25000e+01    -2.06938e-01     3.25000e+01    -2.09083e-01     3.25000e+01    -2.07804e-01     3.25000e+01    -2.07460e-01     3.25000e+01    -2.07176e-01     3.25000e+01    -2.06938e-01     3.25000e+01    -2.09083e-01     3.25000e+01    -2.07804e-01     3.25000e+01    -2.07460e-01     3.25000e+01    -2.07176e-01     3.25000e+01    -2.06938e-01
     3.75000e+01    -2.08314e-01     3.75000e+01    -2.08407e-01     3.75000e+01    -2.07882e-01     3.75000e+01    -2.07569e-01     3.75000e+01    -2.07308e-01     3.75000e+01    -2.08314e-01     3.75000e+01    -2.08407e-01     3.75000e+01    -2.07882e-01     3.75000e+01    -2.07569e-01     3.75000e+01    -2.07308e-01     3.75000e+01    -2.08314e-01     3.75000e+01    -2.08407e-01     3.75000e+01    -2.07882e-01     3.75000e+01    -2.07569e-01     3.75000e+01    -2.07308e-01     3.75000e+01    -2.08314e-01     3.75000e+01    -2.08407e-01     3.75000e+01    -2.07882e-01     3.75000e+01    -2.07569e-01     3.75000e+01    -2.07308e-01
     4.25000e+01    -2.09011e-01     4.25000e+01    -2.09028e-01     4.25000e+01    -2.08390e-01     4.25000e+01    -2.07925e-01     4.25000e+01    -2.07638e-01     4.25000e+01    -2.09011e-01     4.25000e+01    -2.09028e-01     4.25000e+01    -2.08390e-01     4.25000e+01    -2.07925e-01     4.25000e+01    -2.07638e-01     4.25000e+01    -2.09011e-01     4.25000e+01    -2.09028e-01     4.25000e+01    -2.08390e-01     4.25000e+01    -2.07925e-01     4.25000e+01    -2.07638e-01     4.25000e+01    -2.09011e-01     4.25000e+01    -2.09028e-01     4.25000e+01    -2.08390e-01     4.25000e+01    -2.07925e-01     4.25000e+01    -2.07638e-01
     4.75000e+01    -2.11578e-01     4.75000e+01    -2.08709e-01     4.75000e+01    -2.08887e-01     4.75000e+01    -2.08355e-01     4.75000e+01    -2.07946e-01     4.75000e+01    -2.11578e-01     4.75000e+01    -2.08709e-01     4.75000e+01    -2.08887e-01     4.75000e+01    -2.08355e-01     4.75000e+01    -2.07946e-01     4.75000e+01    -2.11578e-01     4.75000e+01    -2.08709e-01     4.75000e+01    -2.08887e-01     4.75000e+01    -2.08355e-01     4.75000e+01    -2.07946e-01     4.75000e+01    -2.11578e-01     4.75000e+01    -2.08709e-01     4.75000e+01    -2.08887e-01     4.75000e+01    -2.08355e-01     4.75000e+01    -2.07946e-01
     5.25000e+01    -2.15279e-01     5.25000e+01    -2.08087e-01     5.25000e+01    -2.08985e-01     5.25000e+01    -2.08763e-01     5.25000e+01    -2.08307e-01     5.25000e+01    -2.15279e-01     5.25000e+01    -2.08087e-01     5.25000e+01    -2.08985e-01     5.25000e+01    -2.08763e-01     5.25000e+01    -2.08307e-01     5.25000e+01    -2.15279e-01     5.25000e+01    -2.08087e-01     5.25000e+01    -2.08985e-01     5.25000e+01    -2.08763e-01     5.25000e+01    -2.08307e-01     5.25000e+01    -2.15279e-01     5.25000e+01    -2.08087e-01     5.25000e+01    -2.08985e-01     5.25000e+01    -2.08763e-01     5.25000e+01    -2.08307e-01
     5.75000e+01    -2.21277e-01     5.75000e+01    -2.08747e-01     5.75000e+01    -2.08528e-01     5.75000e+01    -2.09149e-01     5.75000e+01    -2.08645e-01     5.75000e+01    -2.21277e-01     5.75000e+01    -2.08747e-01     5.75000e+01    -2.08528e-01     5.75000e+01    -2.09149e-01     5.75000e+01    -2.08645e-01     5.75000e+01    -2.21277e-01     5.75000e+01    -2.08747e-01     5.75000e+01    -2.08528e-01     5.75000e+01    -2.09149e-01     5.75000e+01    -2.08645e-01     5.75000e+01    -2.21277e-01     5.75000e+01    -2.08747e-01     5.75000e+01    -2.08528e-01     5.75000e+01    -2.09149e-01     5.75000e+01    -2.08645e-01
     6.25000e+01    -2.23680e-01     6.25000e+01    -2.09691e-01     6.25000e+01    -2.08081e-01     6.25000e+01    -2.08846e-01     6.25000e+01    -2.08956e-01     6.25000e+01    -2.23680e-01     6.25000e+01    -2.09691e-01     6.25000e+01    -2.08081e-01     6.25000e+01    -2.08846e-01     6.25000e+01    -2.08956e-01     6.25000e+01    -2.23680e-01     6.25000e+01    -2.09691e-01     6.25000e+01    -2.08081e-01     6.25000e+01    -2.08846e-01     6.25000e+01    -2.08956e-01     6.25000e+01    -2.23680e-01     6.25000e+01    -2.09691e-01     6.25000e+01    -2.08081e-01     6.25000e+01    -2.08846e-01     6.25000e+01    -2.08956e-01
     6.75000e+01    -2.16818e-01     6.75000e+01    -2.11423e-01     6.75000e+01    -2.08472e-01     6.75000e+01    -2.08513e-01     6.75000e+01    -2.09109e-01     6.75000e+01    -2.16818e-01     6.75000e+01    -2.11423e-01     6.75000e+01    -2.08472e-01     6.75000e+01    -2.08513e-01     6.75000e+01    -2.09109e-01     6.75000e+01    -2.16818e-01     6.75000e+01    -2.11423e-01     6.75000e+01    -2.08472e-01     6.75000e+01    -2.08513e-01     6.75000e+01    -2.09109e-01     6.75000e+01    -2.16818e-01     6.75000e+01    -2.11423e-01     6.75000e+01    -2.08472e-01     6.75000e+01    -2.08513e-01     6.75000e+01    -2.09109e-01
     7.25000e+01    -1.88247e-01     7.25000e+01    -2.13259e-01     7.25000e+01    -2.09046e-01     7.25000e+01    -2.08204e-01     7.25000e+01    -2.08859e-01     7.25000e+01    -1.88247e-01     7.25000e+01    -2.13259e-01     7.25000e+01    -2.09046e-01     7.25000e+01    -2.08204e-01     7.25000e+01    -2.08859e-01     7.25000e+01    -1.88247e-01     7.25000e+01    -2.13259e-01     7.25000e+01    -2.09046e-01     7.25000e+01    -2.08204e-01     7.25000e+01    -2.08859e-01     7.25000e+01    -1.88247e-01     7.25000e+01    -2.13259e-01     7.25000e+01    -2.09046e-01     7.25000e+01    -2.08204e-01     7.25000e+01    -2.08859e-01
     7.75000e+01    -1.08745e-01     7.75000e+01    -2.15218e-01     7.75000e+01    -2.09595e-01     7.75000e+01    -2.08088e-01     7.75000e+01    -2.08638e-01     7.75000e+01    -1.08745e-01     7.75000e+01    -2.15218e-01     7.75000e+01    -2.09595e-01     7.75000e+01    -2.08088e-01     7.75000e+01    -2.08638e-01     7.75000e+01    -1.08745e-01     7.75000e+01    -2.15218e-01     7.75000e+01    -2.09595e-01     7.75000e+01    -2.08088e-01     7.75000e+01    -2.08638e-01     7.75000e+01    -1.08745e-01     7.75000e+01    -2.15218e-01     7.75000e+01    -2.09595e-01     7.75000e+01    -2.08088e-01     7.75000e+01    -2.08638e-01
     8.25000e+01     1.69020e-01     8.25000e+01    -2.17606e-01     8.25000e+01    -2.10554e-01     8.25000e+01    -2.08442e-01     8.25000e+01    -2.08446e-01     8.25000e+01     1.69020e-01     8.25000e+01    -2.17606e-01     8.25000e+01    -2.10554e-01     8.25000e+01    -2.08442e-01     8.25000e+01    -2.08446e-01     8.25000e+01     1.69020e-01     8.25000e+01    -2.17606e-01     8.25000e+01    -2.10554e-01     8.25000e+01    -2.08442e-01     8.25000e+01    -2.08446e-01     8.25000e+01     1.69020e-01     8.25000e+01    -2.17606e-01     8.25000e+01    -2.10554e-01     8.25000e+01    -2.08442e-01     8.25000e+01    -2.08446e-01
     8.75000e+01     1.01027e-01     8.75000e+01    -2.20734e-01     8.75000e+01    -2.11459e-01     8.75000e+01    -2.08746e-01     8.75000e+01    -2.08288e-01     8.75000e+01     1.01027e-01     8.75000e+01    -2.20734e-01     8.75000e+01    -2.11459e-01     8.75000e+01    -2.08746e-01     8.75000e+01    -2.08288e-01     8.75000e+01     1.01027e-01     8.75000e+01    -2.20734e-01     8.75000e+01    -2.11459e-01     8.75000e+01    -2.08746e-01     8.75000e+01    -2.08288e-01     8.75000e+01     1.01027e-01     8.75000e+01    -2.20734e-01     8.75000e+01    -2.11459e-01     8.75000e+01    -2.08746e-01     8.75000e+01    -2.08288e-01
     9.25000e+01     5.68648e-01     9.25000e+01    -2.23346e-01     9.25000e+01    -2.12297e-01     9.25000e+01    -2.08996e-01     9.25000e+01    -2.08167e-01     9.25000e+01     5.68648e-01     9.25000e+01    -2.23346e-01     9.25000e+01    -2.12297e-01     9.25000e+01    -2.08996e-01     9.25000e+01    -2.08167e-01     9.25000e+01     5.68648e-01     9.25000e+01    -2.23346e-01     9.25000e+01    -2.12297e-01     9.25000e+01    -2.08996e-01     9.25000e+01    -2.08167e-01     9.25000e+01     5.68648e-01     9.25000e+01    -2.23346e-01     9.25000e+01    -2.12297e-01     9.25000e+01    -2.08996e-01     9.25000e+01    -2.08167e-01
     9.75000e+01     2.80543e-01     9.75000e+01    -2.23901e-01     9.75000e+01    -2.13051e-01     9.75000e+01    -2.09189e-01     9.75000e+01    -2.08085e-01     9.75000e+01     2.80543e-01     9.75000e+01    -2.23901e-01     9.75000e+01    -2.13051e-01     9.75000e+01    -2.09189e-01     9.75000e+01    -2.08085e-01     9.75000e+01     2.80543e-01     9.75000e+01    -2.23901e-01     9.75000e+01    -2.13051e-01     9.75000e+01    -2.09189e-01     9.75000e+01    -2.08085e-01     9.75000e+01     2.80543e-01     9.75000e+01    -2.23901e-01     9.75000e+01    -2.13051e-01     9.75000e+01    -2.09189e-01     9.75000e+01    -2.08085e-01
     1.02500e+02     1.79853e-01     1.02500e+02    -2.23313e-01     1.02500e+02    -2.13701e-01     1.02500e+02    -2.09318e-01     1.02500e+02    -2.08046e-01     1.02500e+02     1.79853e-01     1.02500e+02    -2.23313e-01     1.02500e+02    -2.13701e-01     1.02500e+02    -2.09318e-01     1.02500e+02    -2.08046e-01     1.02500e+02     1.79853e-01     1.02500e+02    -2.23313e-01     1.02500e+02    -2.13701e-01     1.02500e+02    -2.09318e-01     1.02500e+02    -2.08046e-01     1.02500e+02     1.79853e-01     1.02500e+02    -2.23313e-01     1.02500e+02    -2.13701e-01     1.02500e+02    -2.09318e-01     1.02500e+02    -2.08046e-01
     1.07500e+02     1.39764e-01     1.07500e+02    -2.21336e-01     1.07500e+02    -2.14224e-01     1.07500e+02    -2.09380e-01     1.07500e+02    -2.08053e-01     1.07500e+02     1.39764e-01     1.07500e+02    -2.21336e-01     1.07500e+02    -2.14224e-01     1.07500e+02    -2.09380e-01     1.07500e+02    -2.08053e-01     1.07500e+02     1.39764e-01     1.07500e+02    -2.21336e-01     1.07500e+02    -2.14224e-01     1.07500e+02    -2.09380e-01     1.07500e+02    -2.08053e-01     1.07500e+02     1.39764e-01     1.07500e+02    -2.21336e-01     1.07500e+02    -2.14224e-01     1.07500e+02    -2.09380e-01     1.07500e+02    -2.08053e-01
     1.12500e+02     1.18621e-01     1.12500e+02    -2.16938e-01     1.12500e+02    -2.14595e-01     1.12500e+02    -2.09367e-01     1.12500e+02    -2.08108e-01     1.12500e+02     1.18621e-01     1.12500e+02    -2.16938e-01     1.12500e+02    -2.14595e-01     1.12500e+02    -2.09367e-01     1.12500e+02    -2.08108e-01     1.12500e+02     1.18621e-01     1.12500e+02    -2.16938e-01     1.12500e+02    -2.14595e-01     1.12500e+02    -2.09367e-01     1.12500e+02    -2.08108e-01     1.12500e+02     1.18621e-01     1.12500e+02    -2.16938e-01     1.12500e+02    -2.14595e-01     1.12500e+02    -2.09367e-01     1.12500e+02    -2.08108e-01
     1.17500e+02     1.05405e-01     1.17500e+02    -2.11426e-01     1.17500e+02    -2.14785e-01     1.17500e+02    -2.09273e-01     1.17500e+02    -2.08216e-01     1.17500e+02     1.05405e-01     1.17500e+02    -2.11426e-01     1.17500e+02    -2.14785e-01     1.17500e+02    -2.09273e-01     1.17500e+02    -2.08216e-01     1.17500e+02     1.05405e-01     1.17500e+02    -2.11426e-01     1.17500e+02    -2.14785e-01     1.17500e+02    -2.09273e-01     1.17500e+02    -2.08216e-01     1.17500e+02     1.05405e-01     1.17500e+02    -2.11426e-01     1.17500e+02    -2.14785e-01     1.17500e+02    -2.09273e-01     1.17500e+02    -2.08216e-01
     1.22500e+02     9.63595e-02     1.22500e+02    -1.98345e-01     1.22500e+02    -2.14761e-01     1.22500e+02    -2.09090e-01     1.22500e+02    -2.08379e-01     1.22500e+02     9.63595e-02     1.22500e+02    -1.98345e-01     1.22500e+02    -2.14761e-01     1.22500e+02    -2.09090e-01     1.22500e+02    -2.08379e-01     1.22500e+02     9.63595e-02     1.22500e+02    -1.98345e-01     1.22500e+02    -2.14761e-01     1.22500e+02    -2.09090e-01     1.22500e+02    -2.08379e-01     1.22500e+02     9.63595e-02     1.22500e+02    -1.98345e-01     1.22500e+02    -2.14761e-01     1.22500e+02    -2.09090e-01     1.22500e+02    -2.08379e-01
     1.27500e+02     8.97968e-02     1.27500e+02    -1.86092e-01     1.27500e+02    -2.14490e-01     1.27500e+02    -2.08808e-01     1.27500e+02    -2.08598e-01     1.27500e+02     8.97968e-02     1.27500e+02    -1.86092e-01     1.27500e+02    -2.14490e-01     1.27500e+02    -2.08808e-01     1.27500e+02    -2.08598e-01     1.27500e+02     8.97968e-02     1.27500e+02    -1.86092e-01     1.27500e+02    -2.14490e-01     1.27500e+02    -2.08808e-01     1.27500e+02    -2.08598e-01     1.27500e+02     8.97968e-02     1.27500e+02    -1.86092e-01     1.27500e+02    -2.14490e-01     1.27500e+02    -2.08808e-01     1.27500e+02    -2.08598e-01
     1.32500e+02     8.47756e-02     1.32500e+02    -1.73717e-01     1.32500e+02    -2.13939e-01     1.32500e+02    -2.08418e-01     1.32500e+02    -2.08876e-01     1.32500e+02     8.47756e-02     1.32500e+02    -1.73717e-01     1.32500e+02    -2.13939e-01     1.32500e+02    -2.08418e-01     1.32500e+02    -2.08876e-01     1.32500e+02     8.47756e-02     1.32500e+02    -1.73717e-01     1.32500e+02    -2.13939e-01     1.32500e+02    -2.08418e-01     1.32500e+02    -2.08876e-01     1.32500e+02     8.47756e-02     1.32500e+02    -1.73717e-01     1.32500e+02    -2.13939e-01     1.32500e+02    -2.08418e-01     1.32500e+02    -2.08876e-01
     1.37500e+02     8.06319e-02     1.37500e+02    -1.50612e-01     1.37500e+02    -2.13075e-01     1.37500e+02    -2.08048e-01     1.37500e+02    -2.09133e-01     1.37500e+02     8.06319e-02     1.37500e+02    -1.50612e-01     1.37500e+02    -2.13075e-01     1.37500e+02    -2.08048e-01     1.37500e+02    -2.09133e-01     1.37500e+02     8.06319e-02     1.37500e+02    -1.50612e-01     1.37500e+02    -2.13075e-01     1.37500e+02    -2.08048e-01     1.37500e+02    -2.09133e-01     1.37500e+02     8.06319e-02     1.37500e+02    -1.50612e-01     1.37500e+02    -2.13075e-01     1.37500e+02    -2.08048e-01     1.37500e+02    -2.09133e-01
     1.42500e+02     7.73440e-02     1.42500e+02    -9.61203e-02     1.42500e+02    -2.11872e-01     1.42500e+02    -2.08493e-01     1.42500e+02    -2.08720e-01     1.42500e+02     7.73440e-02     1.42500e+02    -9.61203e-02     1.42500e+02    -2.11872e-01     1.42500e+02    -2.08493e-01     1.42500e+02    -2.08720e-01     1.42500e+02     7.73440e-02     1.42500e+02    -9.61203e-02     1.42500e+02    -2.11872e-01     1.42500e+02    -2.08493e-01     1.42500e+02    -2.08720e-01     1.42500e+02     7.73440e-02     1.42500e+02    -9.61203e-02     1.42500e+02    -2.11872e-01     1.42500e+02    -2.08493e-01     1.42500e+02    -2.08720e-01
     1.47500e+02     7.43831e-02     1.47500e+02    -3.21001e-02     1.47500e+02    -2.10311e-01     1.47500e+02    -2.09021e-01     1.47500e+02    -2.08238e-01     1.47500e+02     7.43831e-02     1.47500e+02    -3.21001e-02     1.47500e+02    -2.10311e-01     1.47500e+02    -2.09021e-01     1.47500e+02    -2.08238e-01     1.47500e+02     7.43831e-02     1.47500e+02    -3.21001e-02     1.47500e+02    -2.10311e-01     1.47500e+02    -2.09021e-01     1.47500e+02    -2.08238e-01     1.47500e+02     7.43831e-02     1.47500e+02    -3.21001e-02     1.47500e+02    -2.10311e-01     1.47500e+02    -2.09021e-01     1.47500e+02    -2.08238e-01
     1.52500e+02     7.20252e-02     1.52500e+02     5.59423e-02     1.52500e+02    -2.08933e-01     1.52500e+02    -2.08700e-01     1.52500e+02    -2.07737e-01     1.52500e+02     7.20252e-02     1.52500e+02     5.59423e-02     1.52500e+02    -2.08933e-01     1.52500e+02    -2.08700e-01     1.52500e+02    -2.07737e-01     1.52500e+02     7.20252e-02     1.52500e+02     5.59423e-02     1.52500e+02    -2.08933e-01     1.52500e+02    -2.08700e-01     1.52500e+02    -2.07737e-01     1.52500e+02     7.20252e-02     1.52500e+02     5.59423e-02     1.52500e+02    -2.08933e-01     1.52500e+02    -2.08700e-01     1.52500e+02    -2.07737e-01
     1.57500e+02     6.98406e-02     1.57500e+02     1.84656e-01     1.57500e+02    -2.08244e-01     1.57500e+02    -2.07969e-01     1.57500e+02    -2.07234e-01     1.57500e+02     6.98406e-02     1.57500e+02     1.84656e-01     1.57500e+02    -2.08244e-01     1.57500e+02    -2.07969e-01     1.57500e+02    -2.07234e-01     1.57500e+02     6.98406e-02     1.57500e+02     1.84656e-01     1.57500e+02    -2.08244e-01     1.57500e+02    -2.07969e-01     1.57500e+02    -2.07234e-01     1.57500e+02     6.98406e-02     1.57500e+02     1.84656e-01     1.57500e+02    -2.08244e-01     1.57500e+02    -2.07969e-01     1.57500e+02    -2.07234e-01
     1.62500e+02     6.77801e-02     1.62500e+02     4.16531e-01     1.62500e+02    -2.09006e-01     1.62500e+02    -2.07294e-01     1.62500e+02    -2.06792e-01     1.62500e+02     6.77801e-02     1.62500e+02     4.16531e-01     1.62500e+02    -2.09006e-01     1.62500e+02    -2.07294e-01     1.62500e+02    -2.06792e-01     1.62500e+02     6.77801e-02     1.62500e+02     4.16531e-01     1.62500e+02    -2.09006e-01     1.62500e+02    -2.07294e-01     1.62500e+02    -2.06792e-01     1.62500e+02     6.77801e-02     1.62500e+02     4.16531e-01     1.62500e+02    -2.09006e-01     1.62500e+02    -2.07294e-01     1.62500e+02    -2.06792e-01
     1.67500e+02     6.61073e-02     1.67500e+02     6.98963e-01     1.67500e+02    -2.07738e-01     1.67500e+02    -2.06812e-01     1.67500e+02    -2.06854e-01     1.67500e+02     6.61073e-02     1.67500e+02     6.98963e-01     1.67500e+02    -2.07738e-01     1.67500e+02    -2.06812e-01     1.67500e+02    -2.06854e-01     1.67500e+02     6.61073e-02     1.67500e+02     6.98963e-01     1.67500e+02    -2.07738e-01     1.67500e+02    -2.06812e-01     1.67500e+02    -2.06854e-01     1.67500e+02     6.61073e-02     1.67500e+02     6.98963e-01     1.67500e+02    -2.07738e-01     1.67500e+02    -2.06812e-01     1.67500e+02    -2.06854e-01
     1.72500e+02     6.44831e-02     1.72500e+02     7.09605e-01     1.72500e+02    -2.06817e-01     1.72500e+02    -2.06863e-01     1.72500e+02    -2.06915e-01     1.72500e+02     6.44831e-02     1.72500e+02     7.09605e-01     1.72500e+02    -2.06817e-01     1.72500e+02    -2.06863e-01     1.72500e+02    -2.06915e-01     1.72500e+02     6.44831e-02     1.72500e+02     7.09605e-01     1.72500e+02    -2.06817e-01     1.72500e+02    -2.06863e-01     1.72500e+02    -2.06915e-01     1.72500e+02     6.44831e-02     1.72500e+02     7.09605e-01     1.72500e+02    -2.06817e-01     1.72500e+02    -2.06863e-01     1.72500e+02    -2.06915e-01
     1.77500e+02     6.28816e-02     1.77500e+02     9.01656e-02     1.77500e+02    -2.06981e-01     1.77500e+02    -2.07033e-01     1.77500e+02    -2.07049e-01     1.77500e+02     6.28816e-02     1.77500e+02     9.01656e-02     1.77500e+02    -2.06981e-01     1.77500e+02    -2.07033e-01     1.77500e+02    -2.07049e-01     1.77500e+02     6.28816e-02     1.77500e+02     9.01656e-02     1.77500e+02    -2.06981e-01     1.77500e+02    -2.07033e-01     1.77500e+02    -2.07049e-01     1.77500e+02     6.28816e-02     1.77500e+02     9.01656e-02     1.77500e+02    -2.06981e-01     1.77500e+02    -2.07033e-01     1.77500e+02    -2.07049e-01
     1.82500e+02     5.90969e-03     1.82500e+02    -1.03096e-01     1.82500e+02    -1.64699e-01     1.82500e+02    -1.80145e-01     1.82500e+02    -1.85779e-01     1.82500e+02     5.90969e-03     1.82500e+02    -1.03096e-01     1.82500e+02    -1.64699e-01     1.82500e+02    -1.80145e-01     1.82500e+02    -1.85779e-01     1.82500e+02     5.90969e-03     1.82500e+02    -1.03096e-01     1.82500e+02    -1.64699e-01     1.82500e+02    -1.80145e-01     1.82500e+02    -1.85779e-01     1.82500e+02     5.90969e-03     1.82500e+02    -1.03096e-01     1.82500e+02    -1.64699e-01     1.82500e+02    -1.80145e-01     1.82500e+02    -1.85779e-01
     1.87500e+02     5.52514e-03     1.87500e+02    -1.47071e-01     1.87500e+02    -7.98295e-02     1.87500e+02    -1.26206e-01     1.87500e+02    -1.43128e-01     1.87500e+02     5.52514e-03     1.87500e+02    -1.47071e-01     1.87500e+02    -7.98295e-02     1.87500e+02    -1.26206e-01     1.87500e+02    -1.43128e-01     1.87500e+02     5.52514e-03     1.87500e+02    -1.47071e-01     1.87500e+02    -7.98295e-02     1.87500e+02    -1.26206e-01     1.87500e+02    -1.43128e-01     1.87500e+02     5.52514e-03     1.87500e+02    -1.47071e-01     1.87500e+02    -7.98295e-02     1.87500e+02    -1.26206e-01     1.87500e+02    -1.43128e-01
     1.92500e+02     5.13137e-03     1.92500e+02    -1.60197e-01     1.92500e+02    -5.75122e-02     1.92500e+02    -7.25792e-02     1.92500e+02    -1.00667e-01     1.92500e+02     5.13137e-03     1.92500e+02    -1.60197e-01     1.92500e+02    -5.75122e-02     1.92500e+02    -7.25792e-02     1.92500e+02    -1.00667e-01     1.92500e+02     5.13137e-03     1.92500e+02    -1.60197e-01     1.92500e+02    -5.75122e-02     1.92500e+02    -7.25792e-02     1.92500e+02    -1.00667e-01     1.92500e+02     5.13137e-03     1.92500e+02    -1.60197e-01     1.92500e+02    -5.75122e-02     1.92500e+02    -7.25792e-02     1.92500e+02    -1.00667e-01
     1.97500e+02     4.72170e-03     1.97500e+02    -1.54337e-01     1.97500e+02    -5.96192e-02     1.97500e+02    -5.68354e-02     1.97500e+02    -6.02270e-02     1.97500e+02     4.72170e-03     1.97500e+02    -1.54337e-01     1.97500e+02    -5.96192e-02     1.97500e+02    -5.68354e-02     1.97500e+02    -6.02270e-02     1.97500e+02     4.72170e-03     1.97500e+02    -1.54337e-01     1.97500e+02    -5.96192e-02     1.97500e+02    -5.68354e-02     1.97500e+02    -6.02270e-02     1.97500e+02     4.72170e-03     1.97500e+02    -1.54337e-01     1.97500e+02    -5.96192e-02     1.97500e+02    -5.68354e-02     1.97500e+02    -6.02270e-02
     2.02500e+02     4.28835e-03     2.02500e+02    -1.45490e-01     2.02500e+02    -6.17491e-02     2.02500e+02    -5.80910e-02     2.02500e+02    -5.68338e-02     2.02500e+02     4.28835e-03     2.02500e+02    -1.45490e-01     2.02500e+02    -6.17491e-02     2.02500e+02    -5.80910e-02     2.02500e+02    -5.68338e-02     2.02500e+02     4.28835e-03     2.02500e+02    -1.45490e-01     2.02500e+02    -6.17491e-02     2.02500e+02    -5.80910e-02     2.02500e+02    -5.68338e-02     2.02500e+02     4.28835e-03     2.02500e+02    -1.45490e-01     2.02500e+02    -6.17491e-02     2.02500e+02    -5.80910e-02     2.02500e+02    -5.68338e-02
     2.07500e+02     3.82186e-03     2.07500e+02    -1.35954e-01     2.07500e+02    -6.36677e-02     2.07500e+02    -5.92897e-02     2.07500e+02    -5.77732e-02     2.07500e+02     3.82186e-03     2.07500e+02    -1.35954e-01     2.07500e+02    -6.36677e-02     2.07500e+02    -5.92897e-02     2.07500e+02    -5.77732e-02     2.07500e+02     3.82186e-03     2.07500e+02    -1.35954e-01     2.07500e+02    -6.36677e-02     2.07500e+02    -5.92897e-02     2.07500e+02    -5.77732e-02     2.07500e+02     3.82186e-03     2.07500e+02    -1.35954e-01     2.07500e+02    -6.36677e-02     2.07500e+02    -5.92897e-02     2.07500e+02    -5.77732e-02
     2.12500e+02     3.31015e-03     2.12500e+02    -1.27002e-01     2.12500e+02    -6.53228e-02     2.12500e+02    -6.04300e-02     2.12500e+02    -5.86604e-02     2.12500e+02     3.31015e-03     2.12500e+02    -1.27002e-01     2.12500e+02    -6.53228e-02     2.12500e+02    -6.04300e-02     2.12500e+02    -5.86604e-02     2.12500e+02     3.31015e-03     2.12500e+02    -1.27002e-01     2.12500e+02    -6.53228e-02     2.12500e+02    -6.04300e-02     2.12500e+02    -5.86604e-02     2.12500e+02     3.31015e-03     2.12500e+02    -1.27002e-01     2.12500e+02    -6.53228e-02     2.12500e+02    -6.04300e-02     2.12500e+02    -5.86604e-02
     2.17500e+02     2.73709e-03     2.17500e+02    -1.19027e-01     2.17500e+02    -6.67304e-02     2.17500e+02    -6.15031e-02     2.17500e+02    -5.94800e-02     2.17500e+02     2.73709e-03     2.17500e+02    -1.19027e-01     2.17500e+02    -6.67304e-02     2.17500e+02    -6.15031e-02     2.17500e+02    -5.94800e-02     2.17500e+02     2.73709e-03     2.17500e+02    -1.19027e-01     2.17500e+02    -6.67304e-02     2.17500e+02    -6.15031e-02     2.17500e+02    -5.94800e-02     2.17500e+02     2.73709e-03     2.17500e+02    -1.19027e-01     2.17500e+02    -6.67304e-02     2.17500e+02    -6.15031e-02     2.17500e+02    -5.94800e-02
     2.22500e+02     2.08034e-03     2.22500e+02    -1.08210e-01     2.22500e+02    -6.78078e-02     2.22500e+02    -6.24225e-02     2.22500e+02    -6.02307e-02     2.22500e+02     2.08034e-03     2.22500e+02    -1.08210e-01     2.22500e+02    -6.78078e-02     2.22500e+02    -6.24225e-02     2.22500e+02    -6.02307e-02     2.22500e+02     2.08034e-03     2.22500e+02    -1.08210e-01     2.22500e+02    -6.78078e-02     2.22500e+02    -6.24225e-02     2.22500e+02    -6.02307e-02     2.22500e+02     2.08034e-03     2.22500e+02    -1.08210e-01     2.22500e+02    -6.78078e-02     2.22500e+02    -6.24225e-02     2.22500e+02    -6.02307e-02
     2.27500e+02     1.30747e-03     2.27500e+02    -1.02979e-01     2.27500e+02    -6.85796e-02     2.27500e+02    -6.31844e-02     2.27500e+02    -6.09292e-02     2.27500e+02     1.30747e-03     2.27500e+02    -1.02979e-01     2.27500e+02    -6.85796e-02     2.27500e+02    -6.31844e-02     2.27500e+02    -6.09292e-02     2.27500e+02     1.30747e-03     2.27500e+02    -1.02979e-01     2.27500e+02    -6.85796e-02     2.27500e+02    -6.31844e-02     2.27500e+02    -6.09292e-02     2.27500e+02     1.30747e-03     2.27500e+02    -1.02979e-01     2.27500e+02    -6.85796e-02     2.27500e+02    -6.31844e-02     2.27500e+02    -6.09292e-02
     2.32500e+02     3.69177e-04     2.32500e+02    -9.82890e-02     2.32500e+02    -6.90751e-02     2.32500e+02    -6.37891e-02     2.32500e+02    -6.15161e-02     2.32500e+02     3.69177e-04     2.32500e+02    -9.82890e-02     2.32500e+02    -6.90751e-02     2.32500e+02    -6.37891e-02     2.32500e+02    -6.15161e-02     2.32500e+02     3.69177e-04     2.32500e+02    -9.82890e-02     2.32500e+02    -6.90751e-02     2.32500e+02    -6.37891e-02     2.32500e+02    -6.15161e-02     2.32500e+02     3.69177e-04     2.32500e+02    -9.82890e-02     2.32500e+02    -6.90751e-02     2.32500e+02    -6.37891e-02     2.32500e+02    -6.15161e-02
     2.37500e+02    -8.13758e-04     2.37500e+02    -9.40787e-02     2.37500e+02    -6.93253e-02     2.37500e+02    -6.42413e-02     2.37500e+02    -6.19914e-02     2.37500e+02    -8.13758e-04     2.37500e+02    -9.40787e-02     2.37500e+02    -6.93253e-02     2.37500e+02    -6.42413e-02     2.37500e+02    -6.19914e-02     2.37500e+02    -8.13758e-04     2.37500e+02    -9.40787e-02     2.37500e+02    -6.93253e-02     2.37500e+02    -6.42413e-02     2.37500e+02    -6.19914e-02     2.37500e+02    -8.13758e-04     2.37500e+02    -9.40787e-02     2.37500e+02    -6.93253e-02     2.37500e+02    -6.42413e-02     2.37500e+02    -6.19914e-02
     2.42500e+02    -2.37770e-03     2.42500e+02    -9.02631e-02     2.42500e+02    -6.93615e-02     2.42500e+02    -6.45477e-02     2.42500e+02    -6.23574e-02     2.42500e+02    -2.37770e-03     2.42500e+02    -9.02631e-02     2.42500e+02    -6.93615e-02     2.42500e+02    -6.45477e-02     2.42500e+02    -6.23574e-02     2.42500e+02    -2.37770e-03     2.42500e+02    -9.02631e-02     2.42500e+02    -6.93615e-02     2.42500e+02    -6.45477e-02     2.42500e+02    -6.23574e-02     2.42500e+02    -2.37770e-03     2.42500e+02    -9.02631e-02     2.42500e+02    -6.93615e-02     2.42500e+02    -6.45477e-02     2.42500e+02    -6.23574e-02
     2.47500e+02    -4.57903e-03     2.47500e+02    -8.68306e-02     2.47500e+02    -6.92129e-02     2.47500e+02    -6.47172e-02     2.47500e+02    -6.26173e-02     2.47500e+02    -4.57903e-03     2.47500e+02    -8.68306e-02     2.47500e+02    -6.92129e-02     2.47500e+02    -6.47172e-02     2.47500e+02    -6.26173e-02     2.47500e+02    -4.57903e-03     2.47500e+02    -8.68306e-02     2.47500e+02    -6.92129e-02     2.47500e+02    -6.47172e-02     2.47500e+02    -6.26173e-02     2.47500e+02    -4.57903e-03     2.47500e+02    -8.68306e-02     2.47500e+02    -6.92129e-02     2.47500e+02    -6.47172e-02     2.47500e+02    -6.26173e-02
     2.52500e+02    -1.00165e-02     2.52500e+02    -8.37622e-02     2.52500e+02    -6.89064e-02     2.52500e+02    -6.47596e-02     2.52500e+02    -6.27754e-02     2.52500e+02    -1.00165e-02     2.52500e+02    -8.37622e-02     2.52500e+02    -6.89064e-02     2.52500e+02    -6.47596e-02     2.52500e+02    -6.27754e-02     2.52500e+02    -1.00165e-02     2.52500e+02    -8.37622e-02     2.52500e+02    -6.89064e-02     2.52500e+02    -6.47596e-02     2.52500e+02    -6.27754e-02     2.52500e+02    -1.00165e-02     2.52500e+02    -8.37622e-02     2.52500e+02    -6.89064e-02     2.52500e+02    -6.47596e-02     2.52500e+02    -6.27754e-02
     2.57500e+02    -1.05068e-01     2.57500e+02    -8.08796e-02     2.57500e+02    -6.84660e-02     2.57500e+02    -6.46855e-02     2.57500e+02    -6.28361e-02     2.57500e+02    -1.05068e-01     2.57500e+02    -8.08796e-02     2.57500e+02    -6.84660e-02     2.57500e+02    -6.46855e-02     2.57500e+02    -6.28361e-02     2.57500e+02    -1.05068e-01     2.57500e+02    -8.08796e-02     2.57500e+02    -6.84660e-02     2.57500e+02    -6.46855e-02     2.57500e+02    -6.28361e-02     2.57500e+02    -1.05068e-01     2.57500e+02    -8.08796e-02     2.57500e+02    -6.84660e-02     2.57500e+02    -6.46855e-02     2.57500e+02    -6.28361e-02
     2.62500e+02    -1.25996e-01     2.62500e+02    -7.83544e-02     2.62500e+02    -6.79127e-02     2.62500e+02    -6.45055e-02     2.62500e+02    -6.28042e-02     2.62500e+02    -1.25996e-01     2.62500e+02    -7.83544e-02     2.62500e+02    -6.79127e-02     2.62500e+02    -6.45055e-02     2.62500e+02    -6.28042e-02     2.62500e+02    -1.25996e-01     2.62500e+02    -7.83544e-02     2.62500e+02    -6.79127e-02     2.62500e+02    -6.45055e-02     2.62500e+02    -6.28042e-02     2.62500e+02    -1.25996e-01     2.62500e+02    -7.83544e-02     2.62500e+02    -6.79127e-02     2.62500e+02    -6.45055e-02     2.62500e+02    -6.28042e-02
     2.67500e+02    -2.48954e-01     2.67500e+02    -7.59454e-02     2.67500e+02    -6.72644e-02     2.67500e+02    -6.42296e-02     2.67500e+02    -6.26841e-02     2.67500e+02    -2.48954e-01     2.67500e+02    -7.59454e-02     2.67500e+02    -6.72644e-02     2.67500e+02    -6.42296e-02     2.67500e+02    -6.26841e-02     2.67500e+02    -2.48954e-01     2.67500e+02    -7.59454e-02     2.67500e+02    -6.72644e-02     2.67500e+02    -6.42296e-02     2.67500e+02    -6.26841e-02     2.67500e+02    -2.48954e-01     2.67500e+02    -7.59454e-02     2.67500e+02    -6.72644e-02     2.67500e+02    -6.42296e-02     2.67500e+02    -6.26841e-02
     2.72500e+02    -1.47632e-01     2.72500e+02    -7.37882e-02     2.72500e+02    -6.65364e-02     2.72500e+02    -6.38674e-02     2.72500e+02    -6.24810e-02     2.72500e+02    -1.47632e-01     2.72500e+02    -7.37882e-02     2.72500e+02    -6.65364e-02     2.72500e+02    -6.38674e-02     2.72500e+02    -6.24810e-02     2.72500e+02    -1.47632e-01     2.72500e+02    -7.37882e-02     2.72500e+02    -6.65364e-02     2.72500e+02    -6.38674e-02     2.72500e+02    -6.24810e-02     2.72500e+02    -1.47632e-01     2.72500e+02    -7.37882e-02     2.72500e+02    -6.65364e-02     2.72500e+02    -6.38674e-02     2.72500e+02    -6.24810e-02
     2.77500e+02    -1.44581e-01     2.77500e+02    -7.17660e-02     2.77500e+02    -6.57413e-02     2.77500e+02    -6.34277e-02     2.77500e+02    -6.21970e-02     2.77500e+02    -1.44581e-01     2.77500e+02    -7.17660e-02     2.77500e+02    -6.57413e-02     2.77500e+02    -6.34277e-02     2.77500e+02    -6.21970e-02     2.77500e+02    -1.44581e-01     2.77500e+02    -7.17660e-02     2.77500e+02    -6.57413e-02     2.77500e+02    -6.34277e-02     2.77500e+02    -6.21970e-02     2.77500e+02    -1.44581e-01     2.77500e+02    -7.17660e-02     2.77500e+02    -6.57413e-02     2.77500e+02    -6.34277e-02     2.77500e+02    -6.21970e-02
     2.82500e+02    -1.16195e-01     2.82500e+02    -6.98575e-02     2.82500e+02    -6.48945e-02     2.82500e+02    -6.29187e-02     2.82500e+02    -6.18366e-02     2.82500e+02    -1.16195e-01     2.82500e+02    -6.98575e-02     2.82500e+02    -6.48945e-02     2.82500e+02    -6.29187e-02     2.82500e+02    -6.18366e-02     2.82500e+02    -1.16195e-01     2.82500e+02    -6.98575e-02     2.82500e+02    -6.48945e-02     2.82500e+02    -6.29187e-02     2.82500e+02    -6.18366e-02     2.82500e+02    -1.16195e-01     2.82500e+02    -6.98575e-02     2.82500e+02    -6.48945e-02     2.82500e+02    -6.29187e-02     2.82500e+02    -6.18366e-02
     2.87500e+02    -9.88048e-02     2.87500e+02    -6.81429e-02     2.87500e+02    -6.40576e-02     2.87500e+02    -6.23477e-02     2.87500e+02    -6.14037e-02     2.87500e+02    -9.88048e-02     2.87500e+02    -6.81429e-02     2.87500e+02    -6.40576e-02     2.87500e+02    -6.23477e-02     2.87500e+02    -6.14037e-02     2.87500e+02    -9.88048e-02     2.87500e+02    -6.81429e-02     2.87500e+02    -6.40576e-02     2.87500e+02    -6.23477e-02     2.87500e+02    -6.14037e-02     2.87500e+02    -9.88048e-02     2.87500e+02    -6.81429e-02     2.87500e+02    -6.40576e-02     2.87500e+02    -6.23477e-02     2.87500e+02    -6.14037e-02
     2.92500e+02    -8.76955e-02     2.92500e+02    -6.65099e-02     2.92500e+02    -6.31915e-02     2.92500e+02    -6.17219e-02     2.92500e+02    -6.09027e-02     2.92500e+02    -8.76955e-02     2.92500e+02    -6.65099e-02     2.92500e+02    -6.31915e-02     2.92500e+02    -6.17219e-02     2.92500e+02    -6.09027e-02     2.92500e+02    -8.76955e-02     2.92500e+02    -6.65099e-02     2.92500e+02    -6.31915e-02     2.92500e+02    -6.17219e-02     2.92500e+02    -6.09027e-02     2.92500e+02    -8.76955e-02     2.92500e+02    -6.65099e-02     2.92500e+02    -6.31915e-02     2.92500e+02    -6.17219e-02     2.92500e+02    -6.09027e-02
     2.97500e+02    -8.00219e-02     2.97500e+02    -6.49485e-02     2.97500e+02    -6.23028e-02     2.97500e+02    -6.10475e-02     2.97500e+02    -6.03387e-02     2.97500e+02    -8.00219e-02     2.97500e+02    -6.49485e-02     2.97500e+02    -6.23028e-02     2.97500e+02    -6.10475e-02     2.97500e+02    -6.03387e-02     2.97500e+02    -8.00219e-02     2.97500e+02    -6.49485e-02     2.97500e+02    -6.23028e-02     2.97500e+02    -6.10475e-02     2.97500e+02    -6.03387e-02     2.97500e+02    -8.00219e-02     2.97500e+02    -6.49485e-02     2.97500e+02    -6.23028e-02     2.97500e+02    -6.10475e-02     2.97500e+02    -6.03387e-02
     3.02500e+02    -7.44329e-02     3.02500e+02    -6.35548e-02     3.02500e+02    -6.13968e-02     3.02500e+02    -6.03310e-02     3.02500e+02    -5.97499e-02     3.02500e+02    -7.44329e-02     3.02500e+02    -6.35548e-02     3.02500e+02    -6.13968e-02     3.02500e+02    -6.03310e-02     3.02500e+02    -5.97499e-02     3.02500e+02    -7.44329e-02     3.02500e+02    -6.35548e-02     3.02500e+02    -6.13968e-02     3.02500e+02    -6.03310e-02     3.02500e+02    -5.97499e-02     3.02500e+02    -7.44329e-02     3.02500e+02    -6.35548e-02     3.02500e+02    -6.13968e-02     3.02500e+02    -6.03310e-02     3.02500e+02    -5.97499e-02
     3.07500e+02    -7.01323e-02     3.07500e+02    -6.22309e-02     3.07500e+02    -6.04780e-02     3.07500e+02    -5.96221e-02     3.07500e+02    -5.91442e-02     3.07500e+02    -7.01323e-02     3.07500e+02    -6.22309e-02     3.07500e+02    -6.04780e-02     3.07500e+02    -5.96221e-02     3.07500e+02    -5.91442e-02     3.07500e+02    -7.01323e-02     3.07500e+02    -6.22309e-02     3.07500e+02    -6.04780e-02     3.07500e+02    -5.96221e-02     3.07500e+02    -5.91442e-02     3.07500e+02    -7.01323e-02     3.07500e+02    -6.22309e-02     3.07500e+02    -6.04780e-02     3.07500e+02    -5.96221e-02     3.07500e+02    -5.91442e-02
     3.12500e+02    -6.68032e-02     3.12500e+02    -6.09674e-02     3.12500e+02    -5.95965e-02     3.12500e+02    -5.89165e-02     3.12500e+02    -5.85090e-02     3.12500e+02    -6.68032e-02     3.12500e+02    -6.09674e-02     3.12500e+02    -5.95965e-02     3.12500e+02    -5.89165e-02     3.12500e+02    -5.85090e-02     3.12500e+02    -6.68032e-02     3.12500e+02    -6.09674e-02     3.12500e+02    -5.95965e-02     3.12500e+02    -5.89165e-02     3.12500e+02    -5.85090e-02     3.12500e+02    -6.68032e-02     3.12500e+02    -6.09674e-02     3.12500e+02    -5.95965e-02     3.12500e+02    -5.89165e-02     3.12500e+02    -5.85090e-02
     3.17500e+02    -6.40600e-02     3.17500e+02    -5.97840e-02     3.17500e+02    -5.87572e-02     3.17500e+02    -5.82013e-02     3.17500e+02    -5.78548e-02     3.17500e+02    -6.40600e-02     3.17500e+02    -5.97840e-02     3.17500e+02    -5.87572e-02     3.17500e+02    -5.82013e-02     3.17500e+02    -5.78548e-02     3.17500e+02    -6.40600e-02     3.17500e+02    -5.97840e-02     3.17500e+02    -5.87572e-02     3.17500e+02    -5.82013e-02     3.17500e+02    -5.78548e-02     3.17500e+02    -6.40600e-02     3.17500e+02    -5.97840e-02     3.17500e+02    -5.87572e-02     3.17500e+02    -5.82013e-02     3.17500e+02    -5.78548e-02
     3.22500e+02    -6.18334e-02     3.22500e+02    -5.87335e-02     3.22500e+02    -5.79332e-02     3.22500e+02    -5.74827e-02     3.22500e+02    -5.71892e-02     3.22500e+02    -6.18334e-02     3.22500e+02    -5.87335e-02     3.22500e+02    -5.79332e-02     3.22500e+02    -5.74827e-02     3.22500e+02    -5.71892e-02     3.22500e+02    -6.18334e-02     3.22500e+02    -5.87335e-02     3.22500e+02    -5.79332e-02     3.22500e+02    -5.74827e-02     3.22500e+02    -5.71892e-02     3.22500e+02    -6.18334e-02     3.22500e+02    -5.87335e-02     3.22500e+02    -5.79332e-02     3.22500e+02    -5.74827e-02     3.22500e+02    -5.71892e-02
     3.27500e+02    -5.99233e-02     3.27500e+02    -5.78066e-02     3.27500e+02    -5.71923e-02     3.27500e+02    -5.68273e-02     3.27500e+02    -5.65757e-02     3.27500e+02    -5.99233e-02     3.27500e+02    -5.78066e-02     3.27500e+02    -5.71923e-02     3.27500e+02    -5.68273e-02     3.27500e+02    -5.65757e-02     3.27500e+02    -5.99233e-02     3.27500e+02    -5.78066e-02     3.27500e+02    -5.71923e-02     3.27500e+02    -5.68273e-02     3.27500e+02    -5.65757e-02     3.27500e+02    -5.99233e-02     3.27500e+02    -5.78066e-02     3.27500e+02    -5.71923e-02     3.27500e+02    -5.68273e-02     3.27500e+02    -5.65757e-02
     3.32500e+02    -5.83883e-02     3.32500e+02    -5.68537e-02     3.32500e+02    -5.63765e-02     3.32500e+02    -5.60731e-02     3.32500e+02    -6.08649e-02     3.32500e+02    -5.83883e-02     3.32500e+02    -5.68537e-02     3.32500e+02    -5.63765e-02     3.32500e+02    -5.60731e-02     3.32500e+02    -6.08649e-02     3.32500e+02    -5.83883e-02     3.32500e+02    -5.68537e-02     3.32500e+02    -5.63765e-02     3.32500e+02    -5.60731e-02     3.32500e+02    -6.08649e-02     3.32500e+02    -5.83883e-02     3.32500e+02    -5.68537e-02     3.32500e+02    -5.63765e-02     3.32500e+02    -5.60731e-02     3.32500e+02    -6.08649e-02
     3.37500e+02    -5.70513e-02     3.37500e+02    -5.64374e-02     3.37500e+02    -7.11582e-02     3.37500e+02    -8.12164e-02     3.37500e+02    -8.93842e-02     3.37500e+02    -5.70513e-02     3.37500e+02    -5.64374e-02     3.37500e+02    -7.11582e-02     3.37500e+02    -8.12164e-02     3.37500e+02    -8.93842e-02     3.37500e+02    -5.70513e-02     3.37500e+02    -5.64374e-02     3.37500e+02    -7.11582e-02     3.37500e+02    -8.12164e-02     3.37500e+02    -8.93842e-02     3.37500e+02    -5.70513e-02     3.37500e+02    -5.64374e-02     3.37500e+02    -7.11582e-02     3.37500e+02    -8.12164e-02     3.37500e+02    -8.93842e-02
     3.42500e+02    -6.00922e-02     3.42500e+02    -9.11677e-02     3.42500e+02    -1.02265e-01     3.42500e+02    -1.10272e-01     3.42500e+02    -1.17140e-01     3.42500e+02    -6.00922e-02     3.42500e+02    -9.11677e-02     3.42500e+02    -1.02265e-01     3.42500e+02    -1.10272e-01     3.42500e+02    -1.17140e-01     3.42500e+02    -6.00922e-02     3.42500e+02    -9.11677e-02     3.42500e+02    -1.02265e-01     3.42500e+02    -1.10272e-01     3.42500e+02    -1.17140e-01     3.42500e+02    -6.00922e-02     3.42500e+02    -9.11677e-02     3.42500e+02    -1.02265e-01     3.42500e+02    -1.10272e-01     3.42500e+02    -1.17140e-01
     3.47500e+02    -1.04244e-01     3.47500e+02    -1.25067e-01     3.47500e+02    -1.32858e-01     3.47500e+02    -1.38756e-01     3.47500e+02    -1.44046e-01     3.47500e+02    -1.04244e-01     3.47500e+02    -1.25067e-01     3.47500e+02    -1.32858e-01     3.47500e+02    -1.38756e-01     3.47500e+02    -1.44046e-01     3.47500e+02    -1.04244e-01     3.47500e+02    -1.25067e-01     3.47500e+02    -1.32858e-01     3.47500e+02    -1.38756e-01     3.47500e+02    -1.44046e-01     3.47500e+02    -1.04244e-01     3.47500e+02    -1.25067e-01     3.47500e+02    -1.32858e-01     3.47500e+02    -1.38756e-01     3.47500e+02    -1.44046e-01
     3.52500e+02    -1.46317e-01     3.52500e+02    -1.58277e-01     3.52500e+02    -1.62936e-01     3.52500e+02    -1.66606e-01     3.52500e+02    -2.06921e-01     3.52500e+02    -1.46317e-01     3.52500e+02    -1.58277e-01     3.52500e+02    -1.62936e-01     3.52500e+02    -1.66606e-01     3.52500e+02    -2.06921e-01     3.52500e+02    -1.46317e-01     3.52500e+02    -1.58277e-01     3.52500e+02    -1.62936e-01     3.52500e+02    -1.66606e-01     3.52500e+02    -2.06921e-01     3.52500e+02    -1.46317e-01     3.52500e+02    -1.58277e-01     3.52500e+02    -1.62936e-01     3.52500e+02    -1.66606e-01     3.52500e+02    -2.06921e-01
     3.57500e+02    -1.87039e-01     3.57500e+02    -1.90934e-01     3.57500e+02    -1.92500e-01     3.57500e+02    -2.07033e-01     3.57500e+02    -2.07038e-01     3.57500e+02    -1.87039e-01     3.57500e+02    -1.90934e-01     3.57500e+02    -1.92500e-01     3.57500e+02    -2.07033e-01     3.57500e+02    -2.07038e-01     3.57500e+02    -1.87039e-01     3.57500e+02    -1.90934e-01     3.57500e+02    -1.92500e-01     3.57500e+02    -2.07033e-01     3.57500e+02    -2.07038e-01     3.57500e+02    -1.87039e-01     3.57500e+02    -1.90934e-01     3.57500e+02    -1.92500e-01     3.57500e+02    -2.07033e-01     3.57500e+02    -2.07038e-01

