QBlade v0.96.2 64bit

 Calculated polar for: NACA 0018

 1 1 Reynolds number fixed          Mach number fixed         

 xtrf =   1.000 (top)        1.000 (bottom)
 Mach =   0.000     Re =     0.200 e 6     Ncrit =   9.000

  alpha     CL        CD       CDp       Cm    Top Xtr Bot Xtr   Cpmin    Chinge    XCp    
 ------- -------- --------- --------- -------- ------- ------- -------- --------- ---------
 -20.000  -0.6916   0.22230   0.21790   0.0281  1.0000  0.0744  -1.8422   0.0000   0.2553
 -18.000  -1.0811   0.09296   0.08751  -0.0381  1.0000  0.0698  -4.9157   0.0000   0.1815
 -17.000  -1.1613   0.06915   0.06283  -0.0490  1.0000  0.0723  -5.1244   0.0000   0.1776
 -16.000  -1.1708   0.05663   0.05000  -0.0502  1.0000  0.0781  -4.9864   0.0000   0.1793
 -15.000  -1.1679   0.04694   0.03985  -0.0500  1.0000  0.0845  -4.7740   0.0000   0.1817
 -14.000  -1.1452   0.03939   0.03204  -0.0473  1.0000  0.0928  -4.4868   0.0000   0.1852
 -13.000  -1.1202   0.03379   0.02603  -0.0431  1.0000  0.1028  -4.1730   0.0000   0.1901
 -12.000  -1.0788   0.02913   0.02132  -0.0374  1.0000  0.1175  -3.8499   0.0000   0.1956
 -11.000  -1.0395   0.02552   0.01766  -0.0294  1.0000  0.1347  -3.5413   0.0000   0.2037
 -10.000  -1.0188   0.02313   0.01526  -0.0156  1.0000  0.1549  -3.2693   0.0000   0.2183
  -9.000  -0.9972   0.02113   0.01331  -0.0006  1.0000  0.1793  -2.9986   0.0000   0.2345
  -8.000  -0.9649   0.01952   0.01187   0.0125  1.0000  0.2118  -2.7283   0.0000   0.2495
  -7.000  -0.9164   0.01824   0.01073   0.0225  1.0000  0.2517  -2.4491   0.0000   0.2623
  -6.000  -0.7610   0.01708   0.00975   0.0119  0.9807  0.3184  -2.0120   0.0000   0.2541
  -4.000  -0.4549   0.01471   0.00796  -0.0055  0.9286  0.4593  -1.3223   0.0000   0.2271
  -2.000  -0.2110   0.01270   0.00632  -0.0064  0.8465  0.5932  -0.8963   0.0000   0.2092
  -1.000  -0.1055   0.01215   0.00588  -0.0032  0.7879  0.6585  -0.7470   0.0000   0.2095
   0.000   0.0000   0.01196   0.00577  -0.0000  0.7238  0.7238  -0.6220   0.0000   0.4443
   1.000   0.1055   0.01215   0.00588   0.0032  0.6585  0.7879  -0.7470   0.0000   0.2095
   2.000   0.2110   0.01270   0.00632   0.0064  0.5932  0.8465  -0.8963   0.0000   0.2092
   3.000   0.3242   0.01359   0.00707   0.0080  0.5272  0.8933  -1.0805   0.0000   0.2145
   4.000   0.4549   0.01471   0.00796   0.0055  0.4593  0.9286  -1.3223   0.0000   0.2271
   6.000   0.7611   0.01707   0.00974  -0.0119  0.3183  0.9808  -2.0122   0.0000   0.2541
   7.000   0.9161   0.01823   0.01072  -0.0225  0.2517  1.0000  -2.4485   0.0000   0.2623
   8.000   0.9647   0.01951   0.01186  -0.0125  0.2118  1.0000  -2.7279   0.0000   0.2494
   9.000   0.9971   0.02112   0.01330   0.0006  0.1793  1.0000  -2.9985   0.0000   0.2345
  10.000   1.0191   0.02312   0.01525   0.0155  0.1549  1.0000  -3.2700   0.0000   0.2183
  11.000   1.0402   0.02551   0.01765   0.0292  0.1346  1.0000  -3.5429   0.0000   0.2038
  12.000   1.0800   0.02912   0.02131   0.0372  0.1174  1.0000  -3.8525   0.0000   0.1958
  13.000   1.1216   0.03377   0.02601   0.0428  0.1027  1.0000  -4.1769   0.0000   0.1903
  14.000   1.1475   0.03935   0.03199   0.0470  0.0927  1.0000  -4.4931   0.0000   0.1855
  15.000   1.1704   0.04691   0.03982   0.0496  0.0844  1.0000  -4.7813   0.0000   0.1821
  16.000   1.1743   0.05653   0.04990   0.0498  0.0780  1.0000  -4.9972   0.0000   0.1798
  17.000   1.1647   0.06910   0.06279   0.0485  0.0723  1.0000  -5.1344   0.0000   0.1782
  18.000   1.0852   0.09292   0.08747   0.0375  0.0696  1.0000  -4.9281   0.0000   0.1822


