QBlade v0.96.2 64bit

 Calculated polar for: NACA 0018

 1 1 Reynolds number fixed          Mach number fixed         

 xtrf =   1.000 (top)        1.000 (bottom)
 Mach =   0.000     Re =     0.050 e 6     Ncrit =   9.000

  alpha     CL        CD       CDp       Cm    Top Xtr Bot Xtr   Cpmin    Chinge    XCp    
 ------- -------- --------- --------- -------- ------- ------- -------- --------- ---------
 -20.000  -0.6566   0.23854   0.22979   0.0353  1.0000  0.1830  -1.4259   0.0000   0.2694
 -19.000  -0.6478   0.23396   0.22527   0.0262  1.0000  0.1985  -1.4678   0.0000   0.2586
 -18.000  -0.6047   0.21803   0.20926   0.0220  1.0000  0.2177  -1.4021   0.0000   0.2556
 -17.000  -0.5697   0.20412   0.19529   0.0175  1.0000  0.2393  -1.3671   0.0000   0.2512
 -16.000  -0.5332   0.18960   0.18075   0.0134  1.0000  0.2583  -1.3167   0.0000   0.2466
 -15.000  -0.5045   0.17685   0.16799   0.0094  1.0000  0.2801  -1.2752   0.0000   0.2412
 -14.000  -0.4890   0.16681   0.15791   0.0060  1.0000  0.3122  -1.2893   0.0000   0.2365
 -13.000  -0.4711   0.15477   0.14586   0.0034  1.0000  0.3387  -1.2850   0.0000   0.2328
 -12.000  -0.4652   0.14290   0.13402   0.0019  1.0000  0.3696  -1.2867   0.0000   0.2314
 -11.000  -0.4900   0.11837   0.10939  -0.0082  1.0000  0.3183  -1.4617   0.0000   0.2123
 -10.000  -0.7504   0.06634   0.05747  -0.0283  1.0000  0.2883  -2.2853   0.0000   0.1955
  -9.000  -0.8594   0.05082   0.04175  -0.0124  1.0000  0.3090  -2.4364   0.0000   0.2213
  -8.000  -0.8621   0.04392   0.03469   0.0019  1.0000  0.3479  -2.3197   0.0000   0.2394
  -7.000  -0.8396   0.03919   0.02978   0.0148  1.0000  0.3976  -2.1406   0.0000   0.2562
  -6.000  -0.7878   0.03655   0.02730   0.0252  1.0000  0.4554  -1.9153   0.0000   0.2717
  -5.000  -0.7298   0.03493   0.02581   0.0349  1.0000  0.5186  -1.6921   0.0000   0.2888
  -4.000  -0.6755   0.03361   0.02460   0.0444  1.0000  0.5874  -1.5023   0.0000   0.3078
  -3.000  -0.6198   0.03292   0.02405   0.0532  1.0000  0.6594  -1.3279   0.0000   0.3290
  -2.000  -0.5623   0.03335   0.02459   0.0615  1.0000  0.7367  -1.1712   0.0000   0.3537
  -1.000  -0.3953   0.03689   0.02815   0.0506  0.9663  0.8256  -0.9366   0.0000   0.3734
   0.000  -0.0000   0.04127   0.03237   0.0000  0.9001  0.9001  -0.5888   0.0000   0.4133
   1.000   0.3953   0.03688   0.02814  -0.0506  0.8257  0.9664  -0.9366   0.0000   0.3734
   2.000   0.5622   0.03334   0.02458  -0.0614  0.7367  1.0000  -1.1711   0.0000   0.3537
   3.000   0.6195   0.03291   0.02404  -0.0531  0.6595  1.0000  -1.3276   0.0000   0.3290
   4.000   0.6753   0.03360   0.02459  -0.0444  0.5875  1.0000  -1.5020   0.0000   0.3078
   5.000   0.7296   0.03492   0.02581  -0.0349  0.5187  1.0000  -1.6917   0.0000   0.2887
   6.000   0.7875   0.03655   0.02729  -0.0251  0.4555  1.0000  -1.9148   0.0000   0.2716
   7.000   0.8393   0.03918   0.02978  -0.0148  0.3977  1.0000  -2.1400   0.0000   0.2561
   8.000   0.8620   0.04391   0.03468  -0.0018  0.3479  1.0000  -2.3195   0.0000   0.2393
  10.000   0.7503   0.06642   0.05754   0.0281  0.2882  1.0000  -2.2842   0.0000   0.1957
  11.000   0.4892   0.11782   0.10881   0.0084  0.3120  1.0000  -1.4663   0.0000   0.2116
  13.000   0.0865   0.04048   0.03493   0.0188  0.3193  1.0000  -0.3144   0.0000   0.0742
  14.000   0.0850   0.04243   0.03666   0.0233  0.2947  1.0000  -0.3297   0.0000   0.0202
  15.000   0.0859   0.04537   0.03941   0.0261  0.2767  1.0000  -0.3268   0.0000  -0.0094
  16.000   0.1006   0.05008   0.04392   0.0276  0.2555  1.0000  -0.3357   0.0000   0.0132
  17.000   0.1245   0.05688   0.05055   0.0276  0.2391  1.0000  -0.3771   0.0000   0.0564
  18.000   0.1647   0.06756   0.06120   0.0271  0.2194  1.0000  -0.4510   0.0000   0.1046
  19.000   0.1805   0.07271   0.06624   0.0239  0.1995  1.0000  -0.4399   0.0000   0.1326
  20.000   0.1992   0.08034   0.07381   0.0196  0.1863  1.0000  -0.4226   0.0000   0.1637


