QBlade v0.96.2 64bit

 Calculated polar for: NACA 0018

 1 1 Reynolds number fixed          Mach number fixed         

 xtrf =   1.000 (top)        1.000 (bottom)
 Mach =   0.000     Re =     0.500 e 6     Ncrit =   9.000

  alpha     CL        CD       CDp       Cm    Top Xtr Bot Xtr   Cpmin    Chinge    XCp    
 ------- -------- --------- --------- -------- ------- ------- -------- --------- ---------
 -20.000  -1.2065   0.10429   0.09990  -0.0236  1.0000  0.0435  -6.0254   0.0000   0.1923
 -19.000  -1.2300   0.08730   0.08253  -0.0308  1.0000  0.0458  -5.9685   0.0000   0.1895
 -18.000  -1.2400   0.07261   0.06745  -0.0363  1.0000  0.0472  -5.8211   0.0000   0.1879
 -17.000  -1.2702   0.05704   0.05161  -0.0400  1.0000  0.0519  -5.7463   0.0000   0.1884
 -16.000  -1.2690   0.04562   0.03992  -0.0421  1.0000  0.0559  -5.5098   0.0000   0.1892
 -15.000  -1.2439   0.03755   0.03153  -0.0423  1.0000  0.0597  -5.1731   0.0000   0.1906
 -14.000  -1.2320   0.02943   0.02324  -0.0398  1.0000  0.0675  -4.8822   0.0000   0.1946
 -13.000  -1.1887   0.02483   0.01840  -0.0359  1.0000  0.0743  -4.4819   0.0000   0.1986
 -12.000  -1.1465   0.02107   0.01458  -0.0296  1.0000  0.0852  -4.1119   0.0000   0.2048
 -11.000  -1.1089   0.01855   0.01202  -0.0195  1.0000  0.0987  -3.7771   0.0000   0.2146
 -10.000  -1.1076   0.01722   0.01067  -0.0001  1.0000  0.1117  -3.5275   0.0000   0.2338
  -9.000  -1.0380   0.01578   0.00927   0.0061  0.9960  0.1338  -3.1328   0.0000   0.2411
  -8.000  -0.9001   0.01410   0.00778  -0.0009  0.9840  0.1729  -2.6437   0.0000   0.2352
  -7.000  -0.7599   0.01263   0.00650  -0.0078  0.9705  0.2206  -2.1988   0.0000   0.2267
  -6.000  -0.6295   0.01124   0.00538  -0.0121  0.9506  0.2758  -1.8302   0.0000   0.2183
  -5.000  -0.5226   0.01021   0.00451  -0.0107  0.9161  0.3298  -1.5368   0.0000   0.2177
  -4.000  -0.4203   0.00945   0.00385  -0.0081  0.8701  0.3848  -1.2892   0.0000   0.2195
  -3.000  -0.3163   0.00892   0.00334  -0.0058  0.8148  0.4424  -1.0768   0.0000   0.2208
  -2.000  -0.2112   0.00858   0.00300  -0.0038  0.7528  0.5011  -0.8996   0.0000   0.2216
  -1.000  -0.1057   0.00842   0.00279  -0.0019  0.6884  0.5619  -0.7500   0.0000   0.2221
   0.000  -0.0000   0.00839   0.00273   0.0000  0.6239  0.6239  -0.6250   0.0000   0.4500
   1.000   0.1057   0.00842   0.00279   0.0019  0.5619  0.6884  -0.7500   0.0000   0.2221
   2.000   0.2112   0.00858   0.00300   0.0038  0.5011  0.7528  -0.8996   0.0000   0.2216
   3.000   0.3164   0.00892   0.00334   0.0058  0.4424  0.8148  -1.0768   0.0000   0.2209
   4.000   0.4203   0.00945   0.00385   0.0081  0.3848  0.8701  -1.2892   0.0000   0.2195
   5.000   0.5227   0.01021   0.00451   0.0107  0.3297  0.9161  -1.5369   0.0000   0.2177
   6.000   0.6296   0.01124   0.00538   0.0121  0.2758  0.9506  -1.8303   0.0000   0.2183
   7.000   0.7600   0.01263   0.00650   0.0078  0.2206  0.9705  -2.1990   0.0000   0.2267
   8.000   0.9004   0.01410   0.00777   0.0008  0.1728  0.9840  -2.6442   0.0000   0.2353
   9.000   1.0383   0.01578   0.00926  -0.0062  0.1338  0.9960  -3.1335   0.0000   0.2412
  10.000   1.1075   0.01721   0.01066   0.0002  0.1117  1.0000  -3.5273   0.0000   0.2338
  11.000   1.1093   0.01854   0.01201   0.0194  0.0986  1.0000  -3.7783   0.0000   0.2147
  12.000   1.1476   0.02106   0.01457   0.0294  0.0852  1.0000  -4.1148   0.0000   0.2050
  13.000   1.1901   0.02482   0.01839   0.0357  0.0741  1.0000  -4.4856   0.0000   0.1988
  14.000   1.2343   0.02937   0.02318   0.0394  0.0674  1.0000  -4.8891   0.0000   0.1949
  15.000   1.2461   0.03754   0.03152   0.0419  0.0596  1.0000  -5.1790   0.0000   0.1910
  16.000   1.2730   0.04549   0.03978   0.0416  0.0558  1.0000  -5.5226   0.0000   0.1897
  17.000   1.2746   0.05690   0.05146   0.0395  0.0518  1.0000  -5.7610   0.0000   0.1889
  18.000   1.2450   0.07243   0.06728   0.0357  0.0471  1.0000  -5.8380   0.0000   0.1885
  19.000   1.2358   0.08707   0.08230   0.0302  0.0457  1.0000  -5.9893   0.0000   0.1902
  20.000   1.2126   0.10411   0.09971   0.0229  0.0434  1.0000  -6.0473   0.0000   0.1930


