QBlade v0.96.2 64bit

 Calculated polar for: NACA 0018

 1 1 Reynolds number fixed          Mach number fixed         

 xtrf =   1.000 (top)        1.000 (bottom)
 Mach =   0.000     Re =     0.100 e 6     Ncrit =   9.000

  alpha     CL        CD       CDp       Cm    Top Xtr Bot Xtr   Cpmin    Chinge    XCp    
 ------- -------- --------- --------- -------- ------- ------- -------- --------- ---------
 -20.000  -0.6645   0.23191   0.22569   0.0331  1.0000  0.1144  -1.5302   0.0000   0.2650
 -19.000  -0.6433   0.21832   0.21211   0.0245  1.0000  0.1229  -1.5561   0.0000   0.2550
 -18.000  -0.6480   0.20975   0.20359   0.0136  1.0000  0.1382  -1.6795   0.0000   0.2404
 -17.000  -0.5800   0.19322   0.18694   0.0135  1.0000  0.1494  -1.4812   0.0000   0.2431
 -16.000  -0.5653   0.17892   0.17265   0.0065  1.0000  0.1612  -1.5244   0.0000   0.2330
 -15.000  -0.6350   0.14606   0.13972  -0.0124  1.0000  0.1373  -2.0778   0.0000   0.2033
 -14.000  -1.0712   0.05764   0.05014  -0.0502  1.0000  0.1260  -4.0013   0.0000   0.1799
 -13.000  -1.1208   0.04682   0.03852  -0.0419  1.0000  0.1344  -3.9741   0.0000   0.1918
 -12.000  -1.1054   0.04046   0.03186  -0.0326  1.0000  0.1485  -3.7417   0.0000   0.2015
 -11.000  -1.0788   0.03571   0.02689  -0.0220  1.0000  0.1679  -3.4933   0.0000   0.2121
 -10.000  -1.0415   0.03178   0.02279  -0.0114  1.0000  0.1924  -3.2168   0.0000   0.2231
  -9.000  -0.9986   0.02850   0.01947  -0.0008  1.0000  0.2240  -2.9220   0.0000   0.2346
  -8.000  -0.9537   0.02618   0.01721   0.0100  1.0000  0.2633  -2.6467   0.0000   0.2472
  -7.000  -0.9006   0.02419   0.01544   0.0194  1.0000  0.3102  -2.3713   0.0000   0.2595
  -6.000  -0.8417   0.02279   0.01418   0.0274  1.0000  0.3647  -2.0986   0.0000   0.2717
  -5.000  -0.7759   0.02191   0.01353   0.0338  1.0000  0.4246  -1.8473   0.0000   0.2838
  -4.000  -0.6370   0.02191   0.01387   0.0264  0.9797  0.5021  -1.5222   0.0000   0.2825
  -3.000  -0.4727   0.02177   0.01410   0.0158  0.9368  0.5838  -1.2170   0.0000   0.2750
  -2.000  -0.3048   0.02143   0.01410   0.0066  0.8954  0.6641  -0.9660   0.0000   0.2633
  -1.000  -0.1422   0.02074   0.01362   0.0005  0.8537  0.7403  -0.7659   0.0000   0.2454
   0.000  -0.0000   0.02049   0.01350   0.0000  0.8016  0.8016  -0.6132   0.0000   0.3979
   1.000   0.1422   0.02074   0.01361  -0.0005  0.7403  0.8537  -0.7658   0.0000   0.2454
   2.000   0.3046   0.02142   0.01409  -0.0065  0.6641  0.8954  -0.9659   0.0000   0.2632
   3.000   0.4726   0.02177   0.01409  -0.0158  0.5839  0.9369  -1.2168   0.0000   0.2750
   4.000   0.6369   0.02191   0.01387  -0.0264  0.5021  0.9798  -1.5220   0.0000   0.2824
   5.000   0.7756   0.02190   0.01352  -0.0337  0.4247  1.0000  -1.8468   0.0000   0.2838
   6.000   0.8414   0.02279   0.01417  -0.0274  0.3647  1.0000  -2.0981   0.0000   0.2717
   7.000   0.9004   0.02418   0.01543  -0.0193  0.3102  1.0000  -2.3709   0.0000   0.2594
   8.000   0.9536   0.02618   0.01720  -0.0100  0.2633  1.0000  -2.6464   0.0000   0.2472
   9.000   0.9985   0.02849   0.01946   0.0008  0.2240  1.0000  -2.9218   0.0000   0.2345
  10.000   1.0416   0.03177   0.02278   0.0114  0.1924  1.0000  -3.2169   0.0000   0.2231
  11.000   1.0790   0.03571   0.02688   0.0220  0.1679  1.0000  -3.4939   0.0000   0.2122
  12.000   1.1061   0.04046   0.03185   0.0324  0.1484  1.0000  -3.7434   0.0000   0.2016
  13.000   1.1217   0.04683   0.03854   0.0417  0.1343  1.0000  -3.9762   0.0000   0.1920
  14.000   1.0741   0.05756   0.05005   0.0499  0.1258  1.0000  -4.0097   0.0000   0.1803
  15.000   0.9520   0.08104   0.07433   0.0456  0.1217  1.0000  -3.7167   0.0000   0.1756
  16.000   0.5687   0.17926   0.17299  -0.0070  0.1611  1.0000  -1.5305   0.0000   0.2338
  17.000   0.5827   0.19372   0.18745  -0.0141  0.1492  1.0000  -1.4839   0.0000   0.2441
  18.000   0.6526   0.21070   0.20455  -0.0140  0.1382  1.0000  -1.6903   0.0000   0.2408
  19.000   0.6464   0.21923   0.21302  -0.0250  0.1228  1.0000  -1.5618   0.0000   0.2557
  20.000   0.6670   0.23310   0.22689  -0.0338  0.1142  1.0000  -1.5317   0.0000   0.2659


