QBlade v0.96.2 64bit

 Calculated polar for: NACA 0018

 1 1 Reynolds number fixed          Mach number fixed         

 xtrf =   1.000 (top)        1.000 (bottom)
 Mach =   0.000     Re =     1.000 e 6     Ncrit =   9.000

  alpha     CL        CD       CDp       Cm    Top Xtr Bot Xtr   Cpmin    Chinge    XCp    
 ------- -------- --------- --------- -------- ------- ------- -------- --------- ---------
 -20.000  -1.3456   0.08668   0.08253  -0.0279  1.0000  0.0348  -6.7891   0.0000   0.1919
 -19.000  -1.3751   0.06995   0.06545  -0.0338  1.0000  0.0359  -6.7033   0.0000   0.1909
 -18.000  -1.3919   0.05545   0.05061  -0.0379  1.0000  0.0368  -6.5374   0.0000   0.1909
 -17.000  -1.4208   0.04084   0.03565  -0.0403  1.0000  0.0408  -6.4102   0.0000   0.1926
 -16.000  -1.4050   0.03234   0.02695  -0.0396  1.0000  0.0444  -6.0746   0.0000   0.1952
 -15.000  -1.3629   0.02696   0.02137  -0.0375  1.0000  0.0469  -5.6395   0.0000   0.1979
 -14.000  -1.3263   0.02203   0.01630  -0.0329  1.0000  0.0535  -5.2330   0.0000   0.2027
 -13.000  -1.2677   0.01924   0.01340  -0.0281  1.0000  0.0589  -4.7557   0.0000   0.2071
 -12.000  -1.2188   0.01678   0.01092  -0.0200  1.0000  0.0689  -4.3289   0.0000   0.2146
 -11.000  -1.2098   0.01572   0.00976  -0.0016  1.0000  0.0753  -4.0439   0.0000   0.2313
 -10.000  -1.0984   0.01405   0.00817  -0.0036  0.9942  0.0925  -3.5303   0.0000   0.2307
  -9.000  -0.9711   0.01250   0.00676  -0.0082  0.9851  0.1171  -3.0063   0.0000   0.2266
  -8.000  -0.8459   0.01111   0.00555  -0.0119  0.9718  0.1491  -2.5554   0.0000   0.2218
  -7.000  -0.7411   0.01001   0.00458  -0.0107  0.9449  0.1853  -2.1732   0.0000   0.2225
  -6.000  -0.6427   0.00911   0.00381  -0.0078  0.9058  0.2282  -1.8531   0.0000   0.2256
  -5.000  -0.5396   0.00840   0.00317  -0.0058  0.8585  0.2763  -1.5605   0.0000   0.2278
  -4.000  -0.4338   0.00788   0.00268  -0.0042  0.8028  0.3274  -1.3057   0.0000   0.2294
  -3.000  -0.3269   0.00753   0.00230  -0.0029  0.7409  0.3820  -1.0881   0.0000   0.2307
  -2.000  -0.2184   0.00728   0.00206  -0.0018  0.6782  0.4374  -0.9062   0.0000   0.2315
  -1.000  -0.1093   0.00714   0.00191  -0.0009  0.6156  0.4951  -0.7532   0.0000   0.2319
   0.000  -0.0000   0.00710   0.00188   0.0000  0.5539  0.5539  -0.6255   0.0000   0.4606
   1.000   0.1094   0.00714   0.00191   0.0009  0.4951  0.6156  -0.7532   0.0000   0.2319
   2.000   0.2184   0.00728   0.00206   0.0018  0.4374  0.6782  -0.9062   0.0000   0.2315
   3.000   0.3269   0.00753   0.00230   0.0029  0.3820  0.7409  -1.0882   0.0000   0.2307
   4.000   0.4339   0.00788   0.00268   0.0042  0.3274  0.8028  -1.3057   0.0000   0.2294
   5.000   0.5396   0.00840   0.00317   0.0057  0.2763  0.8585  -1.5607   0.0000   0.2278
   6.000   0.6428   0.00911   0.00381   0.0078  0.2282  0.9058  -1.8533   0.0000   0.2257
   7.000   0.7413   0.01001   0.00458   0.0106  0.1852  0.9448  -2.1735   0.0000   0.2225
   8.000   0.8461   0.01111   0.00555   0.0119  0.1491  0.9718  -2.5557   0.0000   0.2219
   9.000   0.9714   0.01249   0.00676   0.0082  0.1171  0.9851  -3.0069   0.0000   0.2266
  10.000   1.0988   0.01405   0.00817   0.0035  0.0925  0.9942  -3.5312   0.0000   0.2308
  11.000   1.2097   0.01571   0.00975   0.0016  0.0753  1.0000  -4.0437   0.0000   0.2313
  12.000   1.2195   0.01677   0.01091   0.0199  0.0689  1.0000  -4.3307   0.0000   0.2147
  13.000   1.2692   0.01922   0.01338   0.0279  0.0589  1.0000  -4.7598   0.0000   0.2074
  14.000   1.3281   0.02201   0.01627   0.0326  0.0534  1.0000  -5.2386   0.0000   0.2029
  15.000   1.3658   0.02689   0.02129   0.0371  0.0469  1.0000  -5.6485   0.0000   0.1983
  16.000   1.4084   0.03224   0.02685   0.0391  0.0443  1.0000  -6.0859   0.0000   0.1956
  17.000   1.4249   0.04071   0.03552   0.0398  0.0407  1.0000  -6.4239   0.0000   0.1931
  18.000   1.3957   0.05539   0.05056   0.0373  0.0367  1.0000  -6.5496   0.0000   0.1914
  19.000   1.3824   0.06951   0.06500   0.0332  0.0358  1.0000  -6.7319   0.0000   0.1915
  20.000   1.3526   0.08634   0.08218   0.0273  0.0347  1.0000  -6.8165   0.0000   0.1925


