QBlade v0.96.2 64bit

 Calculated polar for: NACA 0018

 1 1 Reynolds number fixed          Mach number fixed         

 xtrf =   1.000 (top)        1.000 (bottom)
 Mach =   0.000     Re =     0.020 e 6     Ncrit =   9.000

  alpha     CL        CD       CDp       Cm    Top Xtr Bot Xtr   Cpmin    Chinge    XCp    
 ------- -------- --------- --------- -------- ------- ------- -------- --------- ---------
 -20.000  -0.6614   0.26455   0.25085   0.0427  1.0000  0.3677  -1.3482   0.0000   0.2808
 -19.000  -0.6285   0.25124   0.23749   0.0378  1.0000  0.3948  -1.3142   0.0000   0.2778
 -18.000  -0.5890   0.23343   0.21958   0.0330  1.0000  0.4236  -1.2874   0.0000   0.2747
 -17.000  -0.5354   0.21203   0.19804   0.0286  1.0000  0.4643  -1.2197   0.0000   0.2722
 -16.000  -0.5025   0.20095   0.18692   0.0248  1.0000  0.5011  -1.1786   0.0000   0.2693
 -15.000  -0.4644   0.18751   0.17337   0.0215  1.0000  0.5458  -1.1471   0.0000   0.2669
 -14.000  -0.4363   0.17859   0.16440   0.0197  1.0000  0.5931  -1.1271   0.0000   0.2665
 -13.000  -0.3918   0.16441   0.15014   0.0169  1.0000  0.6512  -1.0697   0.0000   0.2642
 -12.000  -0.3591   0.15424   0.13989   0.0158  1.0000  0.7124  -1.0420   0.0000   0.2654
 -11.000  -0.2858   0.13445   0.11988   0.0087  1.0000  0.7829  -0.9600   0.0000   0.2485
 -10.000  -0.2237   0.11999   0.10526   0.0024  1.0000  0.8633  -0.8977   0.0000   0.2248
  -9.000  -0.1382   0.10347   0.08849  -0.0099  1.0000  0.9574  -0.8113   0.0000   0.1277
  -8.000  -0.0528   0.08742   0.07217  -0.0241  1.0000  1.0000  -0.7346   0.0000  -0.3166
  -7.000  -0.0151   0.07843   0.06312  -0.0272  1.0000  1.0000  -0.6970   0.0000  -1.8802
  -6.000   0.0214   0.07046   0.05515  -0.0295  1.0000  1.0000  -0.6574   0.0000   1.8262
  -5.000   0.0551   0.06370   0.04842  -0.0307  1.0000  1.0000  -0.6191   0.0000   0.8682
  -4.000   0.0825   0.05829   0.04315  -0.0302  1.0000  1.0000  -0.5857   0.0000   0.6466
  -3.000   0.0965   0.05449   0.03961  -0.0270  1.0000  1.0000  -0.5732   0.0000   0.5480
  -2.000   0.0877   0.05249   0.03789  -0.0203  1.0000  1.0000  -0.5943   0.0000   0.4937
  -1.000   0.0508   0.05206   0.03766  -0.0104  1.0000  1.0000  -0.5955   0.0000   0.4657
   0.000   0.0000   0.05209   0.03776  -0.0000  1.0000  1.0000  -0.5827   0.0000   0.2495
   1.000  -0.0508   0.05204   0.03764   0.0104  1.0000  1.0000  -0.5956   0.0000   0.4657
   2.000  -0.0878   0.05245   0.03785   0.0203  1.0000  1.0000  -0.5943   0.0000   0.4937
   3.000  -0.0964   0.05444   0.03955   0.0270  1.0000  1.0000  -0.5732   0.0000   0.5483
   4.000  -0.0823   0.05822   0.04308   0.0302  1.0000  1.0000  -0.5861   0.0000   0.6477
   5.000  -0.0545   0.06362   0.04833   0.0307  1.0000  1.0000  -0.6198   0.0000   0.8734
   6.000  -0.0205   0.07037   0.05505   0.0294  1.0000  1.0000  -0.6584   0.0000   1.8870
   7.000   0.0163   0.07833   0.06301   0.0270  1.0000  1.0000  -0.6984   0.0000  -1.7178
   8.000   0.0543   0.08732   0.07207   0.0239  1.0000  1.0000  -0.7365   0.0000  -0.2973
   9.000   0.1399   0.10343   0.08843   0.0097  0.9582  1.0000  -0.8133   0.0000   0.1308
  10.000   0.2255   0.11995   0.10521  -0.0028  0.8638  1.0000  -0.8998   0.0000   0.2263
  11.000   0.2879   0.13447   0.11990  -0.0091  0.7831  1.0000  -0.9625   0.0000   0.2498
  12.000   0.3616   0.15435   0.13999  -0.0163  0.7124  1.0000  -1.0448   0.0000   0.2664
  13.000   0.3944   0.16463   0.15035  -0.0174  0.6512  1.0000  -1.0729   0.0000   0.2652
  14.000   0.4386   0.17876   0.16456  -0.0201  0.5930  1.0000  -1.1296   0.0000   0.2673
  15.000   0.4670   0.18791   0.17377  -0.0221  0.5457  1.0000  -1.1497   0.0000   0.2677
  16.000   0.5048   0.20139   0.18735  -0.0253  0.5010  1.0000  -1.1810   0.0000   0.2701
  17.000   0.5378   0.21271   0.19872  -0.0291  0.4641  1.0000  -1.2221   0.0000   0.2730
  18.000   0.5927   0.23507   0.22123  -0.0336  0.4234  1.0000  -1.2915   0.0000   0.2755
  19.000   0.6303   0.25194   0.23819  -0.0383  0.3947  1.0000  -1.3148   0.0000   0.2785
  20.000   0.6629   0.26533   0.25163  -0.0432  0.3676  1.0000  -1.3484   0.0000   0.2815


